Dimension = 
25 
Points = 
0.006377226939448755 0.55311081938464 0.5383697135944142 0.7813883907422683 0.6662116443458079 0.7147159246762278 0.2360740196391764 0.42949107928728025 0.04249886153170812 0.2222844873160782 0.6773324893821416 0.8937198504210353 0.9942842915821924 0.29943004630938186 0.42523921252633556 0.34429694607602745 0.46589296886633047 0.048053292068109044 0.8832731656477086 0.3693452428425671 0.5302438741120622 0.20404167020038866 0.6773077780124555 0.33362835754598086 0.8584640061135971
0.013402623588937068 0.7357867319166888 0.12357962344154527 0.9029204982788371 0.28546577780238136 0.6886163632792844 0.14595261547556904 0.6551811335280795 0.9794018961041011 0.48429305203508577 0.02128983873935064 0.07721790037709697 0.2561486064093095 0.6003015543281871 0.6279650594832568 0.5950707113268736 0.38495085485491953 0.12110177552401091 0.26970125149614754 0.7936963496338051 0.6259467806328832 0.9217630285373996 0.7129250800314024 0.7690413296331924 0.909874242017738
0.8918881955082315 0.690903815045919 0.1856108237786146 0.4454185531936722 0.967991419049143 0.12103755636270097 0.4610145090626293 0.04406191841045515 0.24304267247810396 0.043445222063053124 0.9976669781864718 0.3232721251568922 0.17952610525396795 0.17451767680141794 0.9814981735997685 0.635519245388725 0.5078853424899169 0.7121548948930235 0.5468896941303174 0.5318731455793353 0.23672268843004707 0.5140683615503974 0.8445344743474172 0.3566631438349792 0.4260681903719775
0.0013308889509050514 0.6105219321131493 0.8888030427891194 0.807449658499406 0.2785511216606509 0.5229029919849963 0.2987118038789547 0.529632500034204 0.2924893395850372 0.349576933715094 0.6173790739449956 0.41760587566377017 0.8070899747620228 0.7149906863590537 0.5509132197180794 0.5620985836809256 0.11793272250076992 0.9781990565167465 0.6249383182613398 0.9721371509371699 0.47398662654513435 0.10726097390126532 0.6047808942323694 0.9592252296504472 0.9268841107066212
0.4015525192155004 0.7404066142095334 0.1238633085872426 0.4921455632882058 0.14761244948727237 0.9823718644860067 0.10502586938130087 0.9462105848521589 0.3252895880161659 0.7057175383408271 0.7328476880178214 0.24544078557974558 0.3121093788113395 0.4565818958682957 0.6746390876499369 0.4197302240658982 0.2131484983841575 0.8142563360268943 0.44886199547125294 0.9965084395754227 0.9382933947677504 0.6997097409232271 0.3504105928265068 0.7254016476707514 0.4980375789392163
0.2930273427552864 0.25464369004787146 0.7148894624179586 0.24511460989413236 0.09873694510498143 0.9129129556351454 0.4022046029883666 0.6035588253146201 0.9228541669684469 0.2621584703329749 0.09118844007036186 0.37916514665121237 0.8739961855951571 0.37623864210123237 0.8747885903145018 0.7639580886776058 0.5205821411393299 0.8120837751055829 0.6038169247248838 0.9566264051916469 0.6350868932036137 0.2837461985440515 0.3168725907051355 0.7795530819519733 0.4003457021560949
0.2540376702465853 0.9750990881225813 0.8532270128813458 0.340764730431542 0.42140998592973156 0.7108459206566081 0.7252307418188285 0.34230815249515834 0.5779947008283366 0.08222245619317947 0.275304680087318 0.4141017250481558 0.44289156066772084 0.2773098210024715 0.018947800838875484 0.9113079989900719 0.31220307791472324 0.6336454524635706 0.947776213115959 0.8906440253261046 0.18693194185587358 0.06679550741330087 0.3246741403475848 0.11647261544145537 0.21363688553630444
0.5694324030142204 0.48197317672294593 0.28930666724755605 0.5023087633157962 0.26292766848620064 0.7054595770653854 0.617309505592993 0.2932041701907644 0.39734550470844043 0.3362007898796865 0.5830127409887482 0.7202740933898486 0.5893241916288714 0.23483717667819226 0.8084021889575497 0.14766847053269905 0.4963608444311661 0.10986037531335191 0.8923718267802183 0.39840669472131096 0.35294733106457465 0.610922832265112 0.35471645853331424 0.05296999493045307 0.9026340858408554
0.5600641023017512 0.9208048884151682 0.6870761771978311 0.7628661408932674 0.8385041186400143 0.4239828896092246 0.39159562720490004 0.007880876899999611 0.05577588240983977 0.3270038323294947 0.001045477109885451 0.18742737865032033 0.5246790847226225 0.9273380005178152 0.6434886212103053 0.1384845518558876 0.8934406582823131 0.9854047616281499 0.8649936694579948 0.1322677960123625 0.5133968531681615 0.3930031612259398 0.4837734259280465 0.19202360727126 0.5402482442721419
0.10467067965469323 0.3383931566681422 0.7834409383588821 0.1735836458893515 0.9115035239675349 0.26835907861420094 0.29781002256042677 0.5900121036892615 0.7925736735486582 0.648563999899551 0.5499023395980724 0.02382565466523645 0.6179325526642532 0.058036649584846 0.5065077303474039 0.5145229064722839 0.542869000369299 0.24406448634955002 0.417158223318022 0.21635135588904297 0.3978641786158895 0.30927405078308623 0.6312729135941135 0.48813337614987906 0.6132060113295005
0.6273578031560528 0.4023875960690515 0.0131462421747085 0.9478685962317994 0.8638179336079166 0.563088719057226 0.6459410641306222 0.571254304301007 0.9438338913173101 0.0012621648623393211 0.4163119943335497 0.058059865902334806 0.06695961649796422 0.8179190306999928 0.10649339583531447 0.25954786930873963 0.9335546616628039 0.41459759895113757 0.6540168785232809 0.5110866945270007 0.007905794468576532 0.055732563988708295 0.9058240727914626 0.6851224259477102 0.8884478047856122
0.43258822155036025 0.05305359679935584 0.029496274604461026 0.5338582214320091 0.44745300573158664 0.030096199191390616 0.8074520081173752 0.43288647353538945 0.90691511277965 0.6363354375534115 0.7883309438676404 0.3748751772572696 0.7415841309891948 0.09691456084062278 0.9000057113955829 0.4028911367022757 0.8390224392717857 0.1674788678624164 0.4718816836335268 0.7841964874423955 0.44649189572413683 0.7376871521081129 0.6477585322695281 0.9932557463887168 0.771250742538808
0.46799079383367115 0.1512028318428743 0.43356479964636985 0.3329101383465597 0.3202601502891954 0.11375859646928888 0.09339594431343978 0.6090011678661092 0.5728283039789924 0.9605334814155015 0.5424069811332262 0.7690289901733351 0.7738441500828807 0.5878608174089022 0.06980788893946077 0.6797323707390039 0.5557545440299188 0.35132423306217 0.48920065572867333 0.1397081700736318 0.019702111077517515 0.3535286414979588 0.09323304732449045 0.06608057240571508 0.5817209054843197
0.48731007004576443 0.09087346499462257 0.3677686428210468 0.49903140581331906 0.09419326096136671 0.938339336919549 0.7784406218196717 0.2733880817848864 0.8361866542230894 0.7221468058509202 0.4690583796235638 0.2764235488427973 0.12513333451693298 0.28961959833119466 0.24943050656830956 0.7255409288737145 0.33753958609970347 0.4295198655763406 0.46405121581933007 0.06845317232263004 0.3099272311760376 0.747877757570942 0.08913629779416066 0.9768961745268517 0.1681543374731036
0.8717458099520156 0.24933739851852033 0.01189469303117241 0.05022903062915196 0.1920875153061251 0.06599684583340115 0.321183627487852 0.0946596497635026 0.05063950866514677 0.1951834788372837 0.5194143653873419 0.35651458454042806 0.9991537509559977 0.1600259689278385 0.5663833825058676 0.1659005181746015 0.1868514063447031 0.27210524215644183 0.9749560507955529 0.33351909860392714 0.7140689866261626 0.8177063424630914 0.6579269610623819 0.690093531862911 0.025101664269524537
0.48518351139040927 0.7154360645943064 0.4511236724944224 0.16646181869854249 0.21912968653468456 0.7121752151022411 0.4499574227455878 0.7701216605216114 0.5722119845312286 0.9374814450078479 0.1832264792861218 0.9473327650925236 0.5601467852048018 0.003208559193803362 0.843248378942062 0.4716621855870896 0.6384546470320287 0.039598983201564075 0.4783311418256464 0.4993429583152995 0.9584124629792262 0.6508551001215288 0.43849340483857513 0.6548274093864564 0.6856496025981961
0.8853420483315583 0.39463852798595767 0.8097994981759475 0.25883859594597547 0.6269886079958223 0.6262129335479321 0.14787055348086542 0.6568114814208411 0.37832579573877023 0.5944030141343005 0.5267424833421149 0.08314967437892484 0.4417545988088324 0.23908667796075533 0.5134220833129781 0.21025640075954866 0.7527631539309897 0.7003167243852245 0.8686167565467038 0.9506026688735751 0.4197214336957912 0.5299984791027693 0.2779818544208823 0.20260521865252545 0.3296093033471248
0.5537150161966424 0.02089372372652276 0.7651908030434577 0.972448230200355 0.925549145011444 0.920789535078439 0.5744697209074757 0.5917467316451018 0.2498080184230238 0.28702843415451873 0.07172970713155669 0.36756499621018146 0.29123421492857504 0.9052956171508922 0.643807638555274 0.1040354049242721 0.755972838717022 0.5114998201101849 0.4548766384746318 0.5768425989329553 0.8586049537142624 0.2903290916052004 0.014569999255662935 0.06408008429188383 0.6391757867649247
0.09103913706940747 0.5537219752603815 0.6952223439987235 0.36882584947037445 0.7852897370096641 0.3843870841812361 0.5591966771791068 0.6263879770426125 0.24116627904585008 0.7639816084648818 0.468062634056586 0.6023922225682845 0.6076575119313787 0.42266095955534266 0.33106768587989166 0.8392253578899538 0.9601048332100475 0.704222281578906 0.37831440692536267 0.42334002989320263 0.5233291927934145 0.15167712642586362 0.6932642296347533 0.3553253831915848 0.06470762244557793
0.6027190998241463 0.05532687899868316 0.23004742271662448 0.6837474321843958 0.7825922004667688 0.010292126385456846 0.7180420433548662 0.9208289664644629 0.702806711123235 0.8340843573677335 0.2334214561162664 0.07127382479146693 0.28332916806659325 0.26924400278924765 0.6328567009757148 0.647153435839 0.09321188419749482 0.29547302265160513 0.6824644511660345 0.4944781959373593 0.8374577437789199 0.5009655391282168 0.09900220822922567 0.33977059148366473 0.3863378904560446
0.6766884990689191 0.7677037062773404 0.5804340386938702 0.7798192983773388 0.7676527590853011 0.3267377910779874 0.6165626674871294 0.019320603797633784 0.724893706844147 0.11398988252419462 0.1551264831854865 0.13783275566089126 0.1929871834226301 0.6148941787278122 0.8129933918680199 0.8320453540673406 0.8852076693854717 0.12479457452555143 0.7351190350091432 0.9093419592715186 0.8782053119350951 0.20330364572931436 0.6810207993044923 0.10376340569441433 0.07826824642491015
0.9118492236028785 0.8188239083017741 0.9261837320662473 0.7796773400242464 0.879458109638534 0.198325569220413 0.7398222729072305 0.5914562665976411 0.5825844650085312 0.230315170806351 0.04892744639952251 0.7646120245055326 0.5269540490018402 0.039437218861999246 0.46013583068043096 0.7899282445874574 0.10755002670441383 0.8526061928807362 0.9271995316625471 0.3672271416074592 0.6721896413477617 0.5935809386506895 0.47464198589248674 0.8848306438204763 0.3742111045501968
0.8533110365662613 0.3389685527045303 0.5310728095719074 0.853643368872398 0.8942415539597547 0.9002715325616557 0.1729815663965416 0.4084833945933082 0.044816691161680855 0.7783928727064957 0.6064393850628287 0.15985497456690712 0.07180909823213744 0.3911266756681808 0.5190008921546665 0.9138755902880648 0.33304500436556694 0.9197553310809945 0.6924172772306523 0.6681505626250812 0.21630114727064031 0.1936781973846794 0.15157081286742757 0.5641140546331013 0.8423924505947856
0.9269748843058119 0.887807150234817 0.9404546956150067 0.5075567345897385 0.9507824048936326 0.7906470593257663 0.6397886968083246 0.49902347958489135 0.12105923748561465 0.3147030313728496 0.11436655709757482 0.4664963018199736 0.9041221676156389 0.7745180128532692 0.11144019946375283 0.5281927608158234 0.6845616795876871 0.5259792801252811 0.47916399313607283 0.21452104474546319 0.18345308309523345 0.27328561657171946 0.0893068220164801 0.45939211870869 0.9841039345387735
0.9017106594082214 0.666238415870285 0.30834663369343995 0.3121325680227477 0.8665756318312524 0.34096839549612845 0.20139408941266268 0.4334787988158445 0.5409426918953117 0.9678267143234898 0.5146367212060642 0.6258499013404932 0.05062717569125319 0.19060543328723367 0.09884762606043362 0.9268258299209737 0.9190283367483876 0.5141131862003973 0.720105448412926 0.5612015271897901 0.6855488385388501 0.9001065349624835 0.9843451567748557 0.19211859094795836 0.060082328676862695
Radious = 
[1.8249123970222498, 1.7132204490941463, 1.9438636890306111, 1.8800596572873596, 1.8766576978973857, 1.9401844287353442, 1.8152958647812103, 1.8044233377628447, 2.3115448194853796, 1.7013219176610377, 1.983715324229984, 2.0723405053414212, 2.464575179004488, 2.0336113803236766, 2.272308898901115, 1.957767931687165, 2.0332486557224096, 2.223962293625051, 2.024954938210068, 2.311815078724884, 1.848262262269833, 2.320107786742898, 2.230256975676039, 2.3296662607457153, 2.2319860861121352] 
Solution = 
[0.061057011925571336, 0.7513360339004435, 0.5649842359279394, 0.21857862994116162, 0.4295984129254842, 0.905532362534018, 0.4796102535433038, 0.03502429564607068, 0.687450832524691, 0.006845035876426375, 0.7263894840153345, 0.2079012024952327, 0.048291280219930455, 0.2809599655926568, 0.33811752863033584, 0.34069498957825084, 0.282274206370714, 0.05915392985225831, 0.29785535299598165, 0.8173638245541524, 0.8125305442466085, 0.2741740893212866, 0.9413193602922874, 0.6067525994307627, 0.7202858990731051]