Dimension = 
25 
Points = 
0.627087522597676 0.4670277292258036 0.046174820440752606 0.9230877666319042 0.17953613461250084 0.011965132897185038 0.26511038351814264 0.33057584097497916 0.33583246621663665 0.9637576265514799 0.7294506734328857 0.7156533201975896 0.20291805537294094 0.135188850390903 0.9845148576995792 0.7845967443892569 0.6253560328697481 0.6863404670000206 0.3613649854220665 0.3601402002187458 0.0010046360638411578 0.9614702761611433 0.005983713504230215 0.5702131555832761 0.7868483675191138
0.8766695399125055 0.06079815036061709 0.819941375339409 0.42029965940493585 0.6314556850367166 0.23286816113730602 0.21910368477462205 0.4831422234690753 0.6440327511412958 0.5967950343508702 0.8039146646908177 0.8555256166895042 0.6299344989832937 0.7634921787449545 0.6341909636141597 0.1425075582449744 0.7085443795872262 0.08533227659290077 0.6680490400651354 0.17930165761300865 0.18205287127091063 0.9617392782800122 0.2989204365225012 0.7584931836934102 0.7310557638864628
0.002771646933323768 0.9319331071681667 0.6123351009284874 0.54095521896899 0.5781350927040398 0.5331400627783002 0.4993830461176074 0.5886196655167336 0.5927453005450419 0.06055453430049018 0.6984742821915589 0.06831977968728442 0.9327168500658274 0.7281570033543285 0.6188707107331958 0.019346325658123442 0.16284890068028612 0.07615958647711774 0.8088900664930049 0.3924988195445732 0.33768781264905967 0.7115823375062689 0.7273955949074122 0.4783483243888894 0.5982611671362509
0.5637427645576516 0.8616312086575388 0.3276957434057104 0.8354333570845983 0.645546459635323 0.49017128775482566 0.9844080611845861 0.9678889061583148 0.11133758177688335 0.319449095630969 0.3868188708549216 0.48229873100087584 0.7547657413888318 0.8807761129344198 0.7492770836833789 0.44166720532894777 0.5504843636302621 0.4941063083452151 0.5889367224090161 0.9003125688534194 0.9297854354493438 0.8127809598417833 0.582524718389297 0.4803207216033357 0.4391878785321556
0.7135835485867036 0.5733154091249504 0.6916855033559999 0.7312036029972336 0.0007213997788627635 0.19992928451617042 0.5312016926815744 0.877114340723811 0.15772592399504493 0.7403994609309299 0.8981649984094886 0.5705476529113569 0.5168701086687412 0.22114604991628217 0.4339904309668119 0.0030054472961519307 0.48699479860069583 0.25015481674100437 0.27884847861333717 0.691968392551616 0.8362329602771383 0.8744620949536319 0.5278735022616041 0.7450660326027878 0.913604930746724
0.36829571335936495 0.9120071132970884 0.38686314800346644 0.34199407968753426 0.08039887261574907 0.995607415596925 0.2569771626119469 0.22488349542736674 0.6623537718362941 0.4636500905553047 0.9897113002471306 0.15257636494142024 0.03876011343456154 0.8343915189008176 0.8335033421386034 0.3529855961772257 0.5463055393105941 0.04703572180058058 0.086319973257593 0.9572818301102778 0.4775920905540231 0.07394409268108926 0.7720300744369699 0.21858017746580227 0.0778108163403578
0.2092117922829121 0.5717968006399938 0.08561744583999042 0.48546403491705725 0.06584519433051661 0.6695477186472757 0.7449720351232982 0.9787597975328298 0.6895189348409201 0.5829964915280491 0.43653593049184314 0.4806517111955503 0.8991380058229603 0.05436789482490045 0.34071939053393774 0.9969944994292185 0.7485603814586232 0.8957876632591814 0.716244189396702 0.32060942325363007 0.0027205104584295814 0.7469247043689852 0.25931543791133504 0.3759580058488434 0.6707549860188057
0.29013863434541254 0.01942152625183946 0.837701749740728 0.7811376496256127 0.11561336269595901 0.7799345385553891 0.12981737101540491 0.4415364385296251 0.11023622913418318 0.5229966534839917 0.5405126851086443 0.30084610784534804 0.59146628566334 0.7960935272702225 0.22729487410311022 0.8334290270400044 0.358562550567047 0.3628131707777088 0.5838526920733683 0.9154859653034247 0.27326291499797395 0.9106317302891729 0.25565228866275036 0.7845182362569894 0.8255082087306091
0.1748722270905172 0.008580353600913138 0.009315380295203957 0.5984219936669604 0.8148021545557593 0.2424888492863978 0.9430500080609191 0.9959387655315255 0.267798722157775 0.18703887666415142 0.11411900417082499 0.7315995732991407 0.5941472753747158 0.0151808451447345 0.9948701191120549 0.5699762801388546 0.3576264978843 0.4814945172757258 0.36139120582894446 0.7169031095751563 0.7717256289490493 0.5576473727559915 0.2767222868564606 0.8690055001281376 0.6394031184017734
0.10137623614772007 0.9531294666638478 0.8359888892696361 0.6972350495279025 0.729815190892133 0.21604113840451 0.7351693013752927 0.5496443073408613 0.6217456669211611 0.2211458603533316 0.8645181685581329 0.24427243453143965 0.7821831371983232 0.8638062601741037 0.30509717013419835 0.40001108564859644 0.1235817081196815 0.6994576295780958 0.24097392022392827 0.09627332132481392 0.7472415406692117 0.10838935737137478 0.7958838551135401 0.597042838679239 0.17705971591788439
0.018879055408395407 0.9785545590786828 0.9094657214673976 0.5365703886199064 0.4229920737408652 0.8273912818562931 0.9959082166553991 0.24495408255395146 0.650988555681398 0.42490849997599855 0.2505037121421265 0.34832371830420183 0.037275629398016985 0.9800682004336647 0.6227787138593849 0.6938003123543993 0.2974257815831576 0.5111359228959226 0.17995921770308698 0.46283590584722945 0.2795292526218006 0.7336220747763579 0.8785293301122347 0.061001504267855 0.11889147756530383
0.8690133064741881 0.8841299259351886 0.29481989955946786 0.05203319447719856 0.12785934456163273 0.6157066339792586 0.346515728745895 0.9438435564805355 0.6552547442969491 0.006653575964314373 0.1519040025387709 0.4116495512536783 0.7369628701465647 0.3292945721617775 0.753915264037609 0.35054095078201497 0.055618037609506565 0.6436505906660481 0.41140321845247163 0.30124518384511145 0.13537269246426664 0.6223798205337502 0.9346184448863375 0.8163016871423687 0.584008160682169
0.5187078190397436 0.17990754827302113 0.08330852173539482 0.8376775638234437 0.08312344934932248 0.5381327700700531 0.05975227824682261 0.320259079358731 0.21119249344312974 0.7841990324928533 0.627707959504262 0.8870134173060618 0.8261812136422894 0.32222838600217973 0.915953289404168 0.5999029739657676 0.8279271869272263 0.404542348598385 0.9409800537880181 0.6964799117607722 0.9777156485013293 0.17406747502713593 0.5348932916451008 0.0654687498798715 0.30319523743860644
0.008395017239941627 0.5644406408544865 0.6702301194452381 0.7124111583234674 0.9892538375853869 0.33867323448520525 0.8837191371800599 0.014635124597549454 0.8885495038618032 0.4358359187048132 0.8560759917951376 0.40494301167913394 0.06669897729526209 0.029630801894491743 0.25603858732063534 0.19257547933595076 0.7300358358868335 0.26991557814638956 0.0845668307024332 0.9425471068017365 0.7735593007361107 0.5507379704205771 0.7969684384512942 0.8655392309002139 0.9333052052974605
0.7269314107088845 0.4069093773770567 0.08227652019872289 0.03369573713744123 0.4095749410127595 0.4874911921980303 0.7450951354579146 0.2985134525968436 0.9024750198662249 0.47133146041518714 0.21509234612982564 0.568850452286041 0.5848478355948553 0.5637173819375789 0.13489537158007547 0.01160308147292377 0.5104155406446643 0.7662877443296013 0.19959976709785998 0.6337070981346631 0.3991683518455996 0.4393661409286239 0.7534009223035545 0.7890303947880264 0.2544619192269405
0.6329046741044544 0.32654945742912345 0.04855252672763144 0.5036262249160922 0.22224310434174332 0.9346074049109244 0.4186196818484692 0.563795030897142 0.39102424692161275 0.5143408254763137 0.6054807314217665 0.16650483827358953 0.03561996075345342 0.7593187815200978 0.4715054376259933 0.15964397238164052 0.8306373349099082 0.5055840101288384 0.20604677061692345 0.06552941316365302 0.8418387733258812 0.8571530023407921 0.5962327213239744 0.9113867313468975 0.629372140408422
0.1737560280974163 0.4379587792208729 0.4044818987036891 0.3567189303547995 0.9417091435905707 0.7377783051197927 0.9726203110019899 0.806755461020172 0.7989570151929626 0.7553177182745636 0.5389049180059122 0.7231806741123731 0.9014642813875378 0.0041465949457931695 0.7168845130538767 0.5791002545154791 0.5019133174820314 0.48406244589357983 0.6720036697899334 0.09024410861556054 0.3543651622154659 0.559871260325366 0.6497178062730656 0.15347896791423077 0.41992242260158785
0.679233991701593 0.19330320650312038 0.31734538565817116 0.4978590140777366 0.06368512291552408 0.693589050102007 0.16396121058361235 0.46986339206158256 0.03783539747648035 0.1916087316513616 0.4014799703873715 0.688237870699601 0.10542001938934886 0.030486521433588654 0.34767989230570584 0.4417286564224281 0.9621145132450484 0.4106081337403409 0.7145931435653877 0.06690544182231417 0.7464857380976964 0.10345956909255283 0.17992379595895702 0.24907145322221202 0.936452737283232
0.818260022867447 0.8653367606229071 0.7013781236281172 0.9514162732010293 0.6495329567566194 0.8547996371452717 0.5716930455527385 0.5338921090029811 0.6472029940889584 0.8097261448045491 0.7511247631043583 0.3978571966435984 0.32443964156746485 0.653667438015802 0.9203798714703424 0.7557739223414569 0.43436606798080457 0.30993791784436364 0.49660070750935137 0.9120583782014837 0.037209644503116035 0.989135310466146 0.4335605937882072 0.4995663793691322 0.34876071868261305
0.9877423075367974 0.9866892248636808 0.5748805420087845 0.15277359241039012 0.6023130793992304 0.023552172829669704 0.23884216639379563 0.8803446144865806 0.49191188630496263 0.7171860517031198 0.9423555584481275 0.3562723498831436 0.802673007061719 0.3486341372120042 0.05089656034188206 0.13320742508190353 0.7423027473779281 0.7682103559374989 0.2845072624549372 0.7327924904133261 0.3747854766055677 0.564158839092932 0.33257706219091454 0.8155577580688377 0.22646059075706726
0.09705490822051155 0.17299747277956545 0.260860696322493 0.015727718184059936 0.11677315051608961 0.8785110639380049 0.8096440798515654 0.42676288384696726 0.6888524378521079 0.4895742423770225 0.9945553236334619 0.6501969691923399 0.285999337438272 0.2494039166717461 0.6121154777841022 0.39179352513945154 0.6612514660545518 0.7966722588151055 0.5944142630819711 0.19246440340727755 0.09530755883387032 0.9574187193343426 0.79401528872205 0.3459486684598131 0.7715713624628058
0.6106397855377625 0.4681637293429799 0.16834620791100086 0.8261218963986621 0.1982963440705432 0.11737825479890673 0.9664397225298427 0.1857902997064501 0.3091463301161882 0.17606071574619708 0.6425724620558039 0.24950903024484739 0.3022946206348033 0.40699864815116427 0.9665145369127799 0.22007583079364323 0.8621775220861491 0.6982028182514101 0.3804814155896511 0.7486595479894416 0.3220674921837726 0.8058273505242175 0.6883015909246036 0.32493487952590006 0.07152618063907557
0.2694770690189453 0.3430817011529794 0.8976113515452061 0.019252041916300255 0.7939716822716364 0.6557476003602057 0.4573456576428315 0.5734010865579467 0.922417791358484 0.26198320638982997 0.19492836976594785 0.7049014558304942 0.39642275423496476 0.7420038777008799 0.10706945270490964 0.7672455342542829 0.42047376177108486 0.3041294620189139 0.6116370655438164 0.1631387191433229 0.9600709769649923 0.13439666596029498 0.7692329268682483 0.9326728290125402 0.2978133418987561
0.05707309268173166 0.17483022872544518 0.5219148923664465 0.11041719271592987 0.2661715607154982 0.17053725929257746 0.4658657799048789 0.3445025826399023 0.20272333495533446 0.8667472467142914 0.8081153139924241 0.9912050571278028 0.7212466367295279 0.09312964965916415 0.8885542761765761 0.7186612074403724 0.3516748899344425 0.5919620993054877 0.33356019101275125 0.8490021277149203 0.08988289217446488 0.6871730902882074 0.6658096446427044 0.6028184576939724 0.5139938139623256
0.09379236930135182 0.08543308825449536 0.9671152732556156 0.0854809883645321 0.4440961163727325 0.6824905422490456 0.9948082241463845 0.21859750157093127 0.5836015479523228 0.12208475150907427 0.2801805374201157 0.21344760280225394 0.9056922156438123 0.3266644848487249 0.005692397968097396 0.607325164427571 0.5663512644300651 0.08759285675404493 0.4481330658621817 0.014801664602192455 0.5105510206458207 0.8658108199558674 0.3119624791373422 0.7369478949838273 0.8199514019811056
Radious = 
[2.337099383554592, 1.9435703077376918, 2.2950362524193024, 1.973041438252004, 2.0861672317085933, 2.475953192490968, 2.1987904185262446, 1.7536738829242335, 2.051971450544351, 2.3515492356605625, 2.355878125843121, 2.023690666019894, 2.1145777171372644, 2.5404920170881615, 1.8475996917316628, 1.8594759675769799, 2.1568144906467692, 1.8013381503928612, 2.2361719449254873, 2.1533925377545917, 2.2648560065348877, 2.488373395554728, 1.7873736425485858, 2.1818193357741373, 1.9506161293064739] 
Solution = 
[0.8519882135064383, 0.21410918038392657, 0.40509590965000464, 0.04262805429601091, 0.6793699736469354, 0.886288107153815, 0.08018934515716403, 0.466977082481696, 0.18932127216451056, 0.39796843858879316, 0.029923232882583584, 0.8009742885372857, 0.6340882891306989, 0.7135540641090021, 0.12650540460872262, 0.6668842027951954, 0.18643240143811424, 0.5442779971666815, 0.26201666933105516, 0.4769887598817385, 0.9725174202599053, 0.7432212718897842, 0.06635283326775077, 0.3816613034147469, 0.7604093329632828]