Dimension = 
25 
Points = 
0.828451221194563 0.5160576306355654 0.436815734272184 0.591378549766953 0.7922477405190236 0.6249687919673288 0.06300247004461579 0.7643291231980048 0.677823001349596 0.13366646844703012 0.9355944058404598 0.38909895702232 0.8687883375520524 0.1646047840472078 0.15941956727530104 0.06499122752167197 0.42006274881461214 0.7378101135172217 0.39859831996062356 0.07839909941863332 0.7447229345806896 0.3433866978198119 0.7493061065708231 0.20614470628805692 0.41685076394081
0.33556123524567805 0.07372737323795309 0.11154014205189478 0.11313310875509253 0.6701503364043391 0.5292094457282528 0.4350958666114829 0.008183067508209962 0.3112620421699741 0.19160655362936296 0.5904306970694078 0.7774326519706315 0.8141818375484287 0.4550349179648323 0.8404544786303242 0.4436927992651767 0.9009957040530486 0.8432620662744842 0.48946247313684954 0.17800655358299233 0.45054885624001484 0.22275901800463005 0.18180345372586948 0.28939929155515154 0.22229269167485566
0.3786931955919902 0.43782205007489616 0.008893936636748645 0.7602776283432698 0.5785914970671102 0.15364051464423545 0.9398690516562537 0.3628458780920192 0.28956550102454826 0.7755303604792295 0.9690213450126551 0.2382990222417518 0.5345494953998802 0.4039269126730518 0.8530222585124797 0.9152028004959144 0.5748470093575663 0.5151301529296592 0.7736115132322698 0.030728074863490384 0.8879716112822238 0.3380331850037652 0.6102361306381502 0.3877606274309646 0.16645601943462474
0.6013838700523179 0.6730073983330245 0.24629394348870204 0.8248281296427319 0.9399090507427071 0.11865803720623158 0.507338142417138 0.6723932702863713 0.3585894165300376 0.6738662149460213 0.9052120225230484 0.050911908869596734 0.4383212761183086 0.3750496443100718 0.06497213161436866 0.556257199226893 0.29532997705204667 0.48555913255061556 0.022111361353543413 0.6855581448767679 0.4001445970131815 0.6126209330152201 0.06622420915189997 0.1988019966846455 0.28143288495720786
0.8969031955076142 0.06024872039125162 0.47127410039267437 0.8788899624922782 0.24584327563339825 0.3997259851944418 0.4278330803234247 0.4644760485100258 0.8036931764514961 0.06204567186778842 0.11891764878255484 0.8809557216753423 0.6673517122930771 0.8351650019156289 0.08387439295525745 0.4943578536679054 0.5758247696465519 0.7420273423360362 0.7838133675295115 0.068638046972882 0.449868189671328 0.06579497844124171 0.8046746475164057 0.11106805814448806 0.9541909195602779
0.9227055310829518 0.7850506230678155 0.9244936518684307 0.1263723715306284 0.5313943053686006 0.7616312519746984 0.5855906098263796 0.24375539836453664 0.18846484601871183 0.7415204295227438 0.09179537308785235 0.416315462031958 0.24577733054942208 0.5507539283979086 0.8042497788839478 0.5078307275417469 0.7180431565395845 0.4048560908434816 0.31531195203158635 0.24539352888594357 0.1173720223340976 0.21583833134708807 0.3975666317454849 0.6928892514864301 0.4795350287914466
0.7275872600686105 0.8311768844618764 0.12209982850812684 0.5497603804656093 0.3709200910228383 0.8616358421707868 0.3479819824801039 0.31000064297849017 0.697932348235446 0.7315763756003012 0.8857932154559618 0.2789534159709778 0.12011786025294324 0.9630427543350789 0.7942341342838982 0.711618487940919 0.33598309089457956 0.7693089573175689 0.7780829374547755 0.5993274958947268 0.4759870098401848 0.3197621185222078 0.273065149103602 0.30477208865182537 0.11939914827264775
0.19522934183318819 0.4580689749591932 0.8204434422589453 0.2263267840409523 0.6635778733829315 0.136066730374508 0.021795957210343664 0.3846595277777719 0.6139555649631694 0.5417118803627413 0.7216628340952713 0.42758020606387437 0.9673440322192214 0.4234396537480919 0.9855057160880563 0.7390419705182764 0.9777012445181951 0.2511976446689732 0.15604752339288108 0.9610766427237498 0.49885918024513465 0.9572736374043528 0.3827662427036216 0.8865161212841408 0.8629177281197432
0.8255516544194241 0.9392789720453526 0.5331824208629375 0.03993189038948608 0.20032168223560642 0.5641024110142973 0.48779501307608164 0.8024208401312763 0.21751632158422085 0.5264032617023231 0.7942118469507884 0.25056640959268583 0.8918246101650128 0.06304740487828076 0.7387352717162035 0.6794059210998609 0.3821539928378752 0.7188883099245036 0.22510636923843297 0.3063259532446171 0.7655648817510737 0.29952726728359935 0.24919850324459147 0.7639671475959379 0.4044375288071085
0.02042474893762547 0.33365708752856094 0.29834392848052216 0.6211130201242028 0.2851342128167621 0.9867268729549353 0.9301396602361569 0.9059496254515559 0.39511508502681025 0.06014615359350073 0.1260972377225027 0.2259308824699241 0.10725285030568088 0.0722366075978842 0.8799823058710516 0.4735541503560884 0.9523131353552345 0.8298191303110013 0.06818303624596378 0.5970929711183697 0.5750946383540372 0.25925802457971847 0.9855180820368521 0.0015410520417716844 0.28789999611906514
0.4470213530716386 0.5322887226686103 0.5008760946366332 0.9796016278958974 0.07319063670310266 0.12101184977643986 0.7888759144616079 0.9249771708790749 0.8700234433611874 0.39753104662978767 0.02961915182210484 0.5815128437700828 0.6271713795592732 0.06161391930798055 0.4403212879782231 0.8502669906459353 0.1170589213278258 0.036611253543084255 0.6123615906707871 0.08122909577864346 0.4605034101689257 0.029259278600347383 0.549888743627043 0.37725126861004077 0.9063204312869069
0.7386357521881459 0.994753946435243 0.6733101648921526 0.18793858753513437 0.18172143568755483 0.7846465199281648 0.7421151868422982 0.7408272500219442 0.7979485193823451 0.7012280514924417 0.9009483989276189 0.7133183041879643 0.039677890935810756 0.7553990378516268 0.0666672521462015 0.625608515105975 0.6803050195244119 0.8415900336843842 0.07436482381835485 0.8114613242417956 0.0849669120942077 0.6633733214771288 0.4307707742571544 0.7901007341714468 0.625714840949317
0.1974464728707923 0.13840292034900303 0.9656642518647381 0.5577220945420092 0.9112848909273339 0.9584155637351898 0.23334142384483758 0.44860992689911827 0.6234630890015433 0.6267531054179127 0.5129408974395936 0.23334945168825816 0.6258503367082651 0.5750227633556553 0.3768604968896684 0.14598599929106726 0.4123366226511501 0.7470425892843425 0.17045601721675985 0.2489327826422436 0.23981839768925461 0.8921915891399264 0.11576897050019996 0.18347459961425028 0.13447493872721772
0.6914964115437187 0.3913656649609205 0.21415985785584501 0.8727680786189325 0.04095202684214716 0.5977489889932417 0.2436941680253495 0.5627056005369887 0.6694691280670326 0.2601366320585202 0.5898155904320402 0.14224061286465473 0.4707306951261563 0.3126852405309556 0.5439662231852265 0.579735864791231 0.36956523412158604 0.1579902408837789 0.022986706106406518 0.3768637750830687 0.04316455346099668 0.688585008682434 0.44561293285165093 0.32576273312817194 0.05685325818110609
0.37604593780239404 0.4492535201257093 0.8361683863746163 0.025377563395492575 0.2956842971767524 0.22066544827671342 0.09659446616789846 0.7034623611368498 0.9347568177550009 0.04238587124318305 0.7582557893925177 0.7395062521742893 0.3896868693415154 0.8323688177429852 0.8958111442429785 0.9363119636919269 0.0052676382971391655 0.6834833381284766 0.4401193265716652 0.6483820082130438 0.49642169695487737 0.21721033926603017 0.08054444218267309 0.10363662953320263 0.44293989366443864
0.4918986973085874 0.46942750473761874 0.9471561783865002 0.8687847800240922 0.8587228093532492 0.0842819081635845 0.8241810167571759 0.19006767147941672 0.833625018415198 0.31527185999519125 0.9449533557009422 0.3999308240919329 0.16636015812349836 0.3528204483077909 0.00781672993299809 0.19699697648014103 0.5747555022282649 0.8568034517889763 0.12126395187050676 0.12410620281280837 0.236179561757226 0.9247576368529057 0.7880970932479081 0.3217584825881483 0.8263046015266594
0.22635307464379384 0.2305031175393386 0.29690098122630115 0.2602649017649893 0.5517044293141575 0.5631490311377925 0.8356581557300112 0.7773057607593158 0.7663246408614197 0.33449379359557874 0.8296851819657576 0.026804602209543393 0.9180344390696717 0.4450315020074206 0.48950622334240357 0.8716344833464016 0.4847836155192151 0.48550881540657786 0.7541894680598383 0.20777918306376375 0.25893097704792056 0.18643874448171815 0.06252130756116947 0.20748742746300508 0.9388085907576321
0.21454974991613518 0.9081364579173962 0.743707188334517 0.4629301865736446 0.2572151366255859 0.7115985601394795 0.6265489368870567 0.6151665527540059 0.7685058576548833 0.4928570531729599 0.49862431315245215 0.21252890104970168 0.9372187067378883 0.40850739516250534 0.46943862560954464 0.677537455252027 0.9079525706235382 0.34879892963504366 0.830957087805546 0.679817036038466 0.3085032672998179 0.8892840975447629 0.4623238253681805 0.4263689481708427 0.672884151574242
0.044609769789409004 0.758242486371695 0.38612095950337755 0.28265541819789486 0.9022325361608092 0.10440403106959173 0.17995512688763204 0.47207907400758475 0.6360334092113131 0.1368957215605 0.4056701075446897 0.8879290566906033 0.9766196284561673 0.05917561769579183 0.3400707983824829 0.3609808494220834 0.33466944894375417 0.14596825373818034 0.13248546040453468 0.3324162032989316 0.45315921836769835 0.9669144991766624 0.33615242066415885 0.6006677253020872 0.8320486301453293
0.9616868419436846 0.9109541943323255 0.06851036768935104 0.5478349161045858 0.5954266912406815 0.8870007829345382 0.3497945590488061 0.13892264959833323 0.3767145589868668 0.5978364599928386 0.6146291377482163 0.6574371570085507 0.5610190770941476 0.20378253912578426 0.9970861260359447 0.0421170031131507 0.367788669316896 0.5236189836500206 0.7667744809411643 0.6638112272378707 0.07597967495645896 0.3110176473732218 0.4517450941381803 0.5837948754395373 0.5165394005690435
0.029831838721910975 0.09851144650032939 0.3448274128105586 0.5541162591971038 0.2532071058979939 0.9031716225256994 0.5124003820112613 0.014372317612342034 0.06301585913110253 0.44313732788062044 0.20511489170213704 0.1890313837475618 0.9832271655576797 0.9150467814016172 0.06734208447610734 0.6814096891339173 0.7309513088564283 0.4703403740054587 0.9908564842159285 0.5599228362560742 0.3979773046257037 0.6121139286536215 0.24550245622478273 0.001509203368819767 0.9365475531585078
0.5914303906595548 0.16450566981278492 0.40902483375649745 0.12152904401811093 0.7101025304518511 0.31659117765483236 0.8153038695579974 0.14962868697440057 0.7922965274858229 0.4016244391918896 0.9918773967471912 0.5002546096578594 0.9598975718411067 0.4573438055607374 0.650041128238121 0.6148361983019528 0.9035667903674821 0.5820621527405898 0.7709874253877115 0.14982285049413824 0.16809523397417703 0.9789116557663841 0.3211969992937088 0.8273731362672219 0.4453611876557466
0.13229973411231521 0.851786947981662 0.7757138353725819 0.4254057643436264 0.7181868672736579 0.2003655361852239 0.8538201425901389 0.6088092769762603 0.9634067730266442 0.8194199599828368 0.7102119947437217 0.11489448275266001 0.6091744332385334 0.04956335232247233 0.7101631102947613 0.895668267699839 0.1900954536434004 0.16757971758272217 0.42116445368580213 0.06182777621935831 0.10752238801652625 0.428333796492102 0.7330052030721458 0.8853095713193343 0.863060222576365
0.14319135872721955 0.9951873374722672 0.4039010113176047 0.001485248734911515 0.8032911522286893 0.22605977557357004 0.8787206200911998 0.4377136998861869 0.19413468500017617 0.7137015271475436 0.5063094801009274 0.11625335726036412 0.8041592193920694 0.1839716286543539 0.016073540072840675 0.8895863720954289 0.25849913610655384 0.7990692159990628 0.09453767737403451 0.20524853568608847 0.11468547194891943 0.5110544130984384 0.45818652379730107 0.6330136978951743 0.41961141728919815
0.383429150989104 0.10691961929683469 0.042611343347386255 0.2225574001044338 0.600172481012369 0.9282350008195754 0.16653444546634832 0.9219483278704508 0.7642868074195454 0.7815845178124758 0.9353926735963781 0.9306121114682108 0.6249589982399608 0.6371128148093562 0.4851438270929589 0.380756997095008 0.7018886503351482 0.8311036611304242 0.34823318093951094 0.5753409666202176 0.5031785507805056 0.5647803202891511 0.9295248897827847 0.41235468915232054 0.05156331427307981
Radious = 
[1.8143850335221108, 1.7113012839207071, 1.939606545219925, 1.8460095286577447, 1.8056834802069823, 1.8714808376415388, 2.002420536157695, 1.7451188653824825, 2.0362356373482915, 2.1485573419551622, 1.824168345503771, 1.774955031669593, 1.87398199596866, 1.777894884253976, 1.9947737946059392, 1.6562839795537085, 1.6502463683920312, 1.539715556316388, 1.417582125501001, 1.8529505277073102, 1.9869346708432543, 1.6637659581184445, 1.5830731434544707, 1.7333447769534434, 1.775241532476887] 
Solution = 
[0.00555597318522616, 0.7070713869216616, 0.35284410634667107, 0.5760636622236671, 0.6376356294746798, 0.4062012922490851, 0.618304766270017, 0.30232815531068324, 0.8781301879065703, 0.45563831115338216, 0.7011258748524232, 0.8523475901191822, 0.8147810636388009, 0.6750176626409412, 0.3541048064029215, 0.4432904200434252, 0.7095787666268483, 0.29618896563583696, 0.10901997957318343, 0.31665895976620784, 0.0801469824047264, 0.307900629946108, 0.6910275586729829, 0.4927258868430783, 0.8312933660133419]