Dimension = 
25 
Points = 
0.12093113171084358 0.2523302289381666 0.9105292942336801 0.41288351474019036 0.7041102619976023 0.2945141764579634 0.802623444024463 0.4831716710340873 0.7926639530423149 0.6519563548829618 0.44760830020563547 0.38350581981790766 0.9920636532557915 0.8513040187931071 0.8294130607565599 0.41641355531071167 0.04012195047676814 0.9322276931638545 0.5475799966732904 0.24258855495792986 0.8771170251956576 0.7793603824978214 0.5818084685292212 0.23502511385839597 0.6713776361529493
0.713495545731119 0.5730306758587841 0.6789010676976741 0.3401039256891516 0.0281250631549379 0.39527133753608923 0.557328018196552 0.08957965497379661 0.6350822025422618 0.7454393750956577 0.22244241612203053 0.8012406591201554 0.47688931754706354 0.534136905945945 0.5881439613093815 0.10903894738053443 0.4970623198872999 0.2700626392203995 0.14335918104101442 0.2597234144964905 0.6561773580828275 0.9963472849651938 0.7736127574926278 0.838041127150134 0.40116517102638904
0.21734009956352418 0.4664983876094755 0.602292720870025 0.9484191302568742 0.08728817296506308 0.6972360477807534 0.8352949109798999 0.13830805271023772 0.7885055234623458 0.5326448980726827 0.538584993503566 0.04248884153676036 0.6869990700941907 0.9652671102815478 0.5858404320531763 0.6125954860509529 0.776291086859325 0.21770167665901408 0.3671179872517385 0.24526380029474748 0.5266029118579937 0.009428177920466352 0.7944878198627177 0.8198472779539255 0.4128643911041333
0.4940863665154972 0.126818807186467 0.32938809498372035 0.3976377110160012 0.37130189903238897 0.43197825806351786 0.43460424697059863 0.40540638886994995 0.952261037018372 0.3294043325104944 0.7046712408696189 0.3421314951082727 0.2587951453836791 0.8584897163508501 0.4450386952477158 0.1666246284624956 0.1997389922447952 0.250502564478986 0.49243088669740553 0.6095080930911975 0.2340400730084501 0.20539026235550273 0.5534045861719642 0.6216896276365761 0.6351981708204928
0.6834506822002799 0.13982819060993867 0.19662741940709172 0.768943593997508 0.155477335433289 0.5011676033205517 0.6164728843846508 0.9030550432410097 0.7884222396386866 0.8453113290444317 0.1784038915900913 0.25002533584632736 0.7259090780429273 0.28070123020116444 0.2099631020038556 0.28011087884556773 0.9031155779609947 0.6115066756750606 0.5889917522317789 0.09973124502600483 0.3204628247877406 0.23098678125192795 0.3839987156257505 0.9118296998763337 0.9840853289784518
0.0608015046992324 0.6397872681825458 0.14117471570153783 0.519963520441919 0.010281652932396912 0.5497445978822763 0.6246441446547415 0.1454743813925432 0.8737025413611819 0.3967827342722797 0.5568640299510561 0.15255432850600936 0.2471967725539822 0.750460031009786 0.41561446832678395 0.8873627474781663 0.13377299556815403 0.16424772253215314 0.3368758131294576 0.35003966404910525 0.05490135801685536 0.7052699810995158 0.1641067877105319 0.6094309590389073 0.6345759278976869
0.31036758693390065 0.2605505885206971 0.38681843366574065 0.3008319113118888 0.6975286508254235 0.2681493200451136 0.47102179025401936 0.25110077696462474 0.5233715825233812 0.914195652900669 0.8012352137470219 0.20385419809442762 0.7030800320324446 0.3874963139675005 0.8825460628016264 0.5165174161864148 0.34352748119619436 0.012024977964372852 0.5674330511601305 0.041094403744135755 0.9206402577115889 0.3470123511488047 0.8734879118876944 0.6194246991666832 0.17240384594157399
0.6679934460329296 0.724994353578931 0.35792495878875585 0.0994064396667309 0.8688412914090158 0.07239041177878203 0.21287406699841882 0.650067565068808 0.7559951521534203 0.03677035431344611 0.17833645486802985 0.9115882222452711 0.9169441176441873 0.3408707571939973 0.7759452331389662 0.7543677809507252 0.8812491045235674 0.618624183541478 0.989381040759388 0.1432597322876461 0.9612752852393069 0.9562892217089044 0.9245338451030856 0.581225546071459 0.7607140487288523
0.5128339958828891 0.5921477228329148 0.7888645521032726 0.39477722805523974 0.9722135444600385 0.9183580880110805 0.92669268233693 0.550686804308423 0.43557965038484103 0.1925611709397793 0.12377314808472994 0.3140661746042045 0.47496340244306334 0.856070712516047 0.13266791644699683 0.22967147503687824 0.12088035499117744 0.993575249064918 0.7554034596924412 0.4382450913318109 0.8184886865794169 0.14838363507910768 0.8142283944388197 0.6212347801149951 0.41169528985772885
0.929138101617868 0.1576673809841307 0.18535648020792705 0.29227707169034856 0.6048623122348602 0.7927291035081161 0.18517225242302038 0.7006691369442104 0.5277200698041831 0.45230972213324594 0.6289671490474966 0.2504281074068362 0.44842844655066905 0.9220830388538106 0.9611873241715504 0.8761406983197755 0.8594644241364447 0.4705199599096087 0.3087671637378606 0.7095551851930864 0.9582046744345618 0.9895557869002999 0.8060707430660047 0.18146624328914618 0.6540141743953807
0.737174686506824 0.3094732131740989 0.7431974693654915 0.9990808323943307 0.6836190554693153 0.47533669216510877 0.207377280034168 0.7656244031348803 0.3716286785727403 0.49776281029741265 0.06541668569992798 0.40322967033007073 0.24290232507239684 0.7731123832961985 0.44342710816651953 0.5852191003659891 0.767638393429048 0.5941861789156193 0.5002650170933676 0.44798854891155726 0.1703360966790347 0.47994205805363255 0.9638355374518143 0.9243221033481487 0.7196253103767839
0.36482351598833684 0.6025636397429056 0.4550551428791727 0.5948056719381384 0.5688245355029866 0.5900751924862088 0.01701253058856178 0.8422117788174791 0.5104734359848789 0.5833356031182656 0.7370844327608997 0.9714010562637394 0.41079170056346426 0.42966427155286335 0.910824297175231 0.19847500611636404 0.9277848913853913 0.6871274950387893 0.40290453149168903 0.14560483545076053 0.587427803352027 0.3606285934403287 0.8466379910397122 0.5190583395903772 0.3651937950852525
0.3989189471620398 0.12168981590627659 0.054247678615940376 0.842240047528528 0.6502874963787704 0.30235524856781837 0.3912439820314928 0.04896366368854943 0.9321496755380786 0.9753889529825255 0.9447466822076579 0.39990739095159544 0.2073687080531723 0.3213116837045604 0.1721160643880152 0.6055049586946664 0.8444672663449094 0.2567499638153262 0.9963340625646276 0.20304103000305296 0.6353345468522954 0.9372416809077132 0.6382532167872451 0.8074624309483657 0.9490280034558948
0.4022538826844232 0.7545872884351253 0.7469245378663883 0.20747726715444248 0.22196832044255432 0.5757308369465285 0.24687174957337332 0.7142310735941132 0.19786055992479679 0.433817590602648 0.06900936863811424 0.05566195761954018 0.6854697997195321 0.8823165432043902 0.9034050874340223 0.7612287014301817 0.8855391973775469 0.03373311188695427 0.9350134082881094 0.8097779850895395 0.2733016789290369 0.7368200394051405 0.31743698483156135 0.3446330095585398 0.9782477455274321
0.7655151422039115 0.7100953021055403 0.0635378407147772 0.8238467985070932 0.7742432328432243 0.30141656452544363 0.6745912170440492 0.7970681206778577 0.6759145222490415 0.31698410516213815 0.22916742215789487 0.3601958425602868 0.256650719101723 0.811812658544638 0.20324674697705458 0.42526921010451424 0.8025057475836761 0.11728207990146644 0.5324718948009672 0.9189285600011661 0.018714648682681467 0.4499242354541114 0.8090269476190333 0.5190795417840446 0.774458403180231
0.3840645412776348 0.39665387282359277 0.3815059320819233 0.643938153403021 0.6742525577882487 0.9481011963559651 0.9074173725698511 0.3368080918415073 0.7339366121772154 0.6667178200686228 0.10470969049906675 0.23577380732409559 0.9695536387258449 0.8727059616040094 0.6651139868737374 0.056741744637866076 0.9211655191050245 0.6249346419491925 0.4508293304607348 0.32661007614199034 0.5251466343440413 0.6520476546830657 0.45610093724464507 0.8837194894262312 0.895220803402833
0.20218983470876217 0.7599973917584842 0.06947260277694844 0.3635771961203308 0.9229507160177483 0.9817489640148283 0.5380159823729725 0.6162615402509797 0.828244606747049 0.9477487589096207 0.5035272980124557 0.11301910241667523 0.18931357365503532 0.9800888552728798 0.5222255460913805 0.7736146568403549 0.7652772152423816 0.6536043868429243 0.4117226871639307 0.5153581833737211 0.744724321271236 0.9667539774939146 0.36844409494141706 0.7317497622669945 0.9441163745198745
0.7828491981030498 0.2651498233336944 0.3271020794002547 0.9037817497979572 0.7624403065938239 0.1238963644663007 0.5208325150131463 0.20325743487329884 0.23398899416588825 0.9451726577878585 0.07596679960039454 0.7967756333259087 0.47873376764671594 0.6852220795919599 0.06517924177067691 0.785942356191847 0.4154983202977275 0.9360283660537223 0.79745233335888 0.45019175082503793 0.37845676594961175 0.5786238410379251 0.06977784222827077 0.2967589416457558 0.2386118773377981
0.5690210424183072 0.0562552421442567 0.8240806162390274 0.10377516854330082 0.18742594440466498 0.06418506869572249 0.5494260031810827 0.9740907917337528 0.8244708605021639 0.801292152295406 0.9044945708720212 0.12285963061953631 0.7453793075373457 0.7529911732871577 0.749240936165594 0.17580340603443956 0.7994071573547087 0.29079642378418 0.1445768348683747 0.274230902726219 0.0212131148126542 0.8580354622657967 0.4471999958116081 0.9730623082122968 0.46265910452389114
0.024068959405856072 0.9949507222498128 0.492969384721913 0.4716308720447515 0.32589300040913893 0.9456167856109056 0.4011375647122326 0.9887852766611065 0.9806157727127569 0.6867881828643829 0.5061242220568628 0.06731455812534115 0.25139873861059503 0.7668404112446642 0.35563665132736433 0.26615925117513095 0.5261463458887385 0.0051528164124771125 0.006199876811595617 0.6493988004088439 0.5891658686195167 0.7485388671855276 0.7326299544409879 0.07355692732629127 0.6337042809390605
0.5724545656364828 0.12690192764043728 0.08108960959068456 0.4863789225138948 0.8884991548395942 0.04023834914928359 0.09199752389026516 0.02233985766680935 0.7718720059619597 0.09123271267301603 0.6805565740455194 0.010682136576665835 0.104843480390588 0.3101966859863384 0.24323730952606504 0.35839591893248113 0.04723587899908899 0.03331618593765018 0.4880336906350291 0.39159358099462216 0.9417785107485287 0.5861731642245918 0.5577635209345444 0.6223102752043291 0.37595165344808257
0.8432034390030552 0.7324663724300364 0.947736360190811 0.18019330149614643 0.19452857977448468 0.6817427359033139 0.37343037384932576 0.4238661289200414 0.333078452811304 0.8979191369211277 0.200480596642563 0.40015985319297387 0.28331511183083424 0.17655404417115728 0.17680766598105535 0.4765633097510983 0.20992447462206398 0.35700244798508307 0.41555205948239016 0.2759014603618585 0.8480731593229329 0.18021233034966622 0.738923267155241 0.960060719251214 0.08859147378992671
0.3134804891055901 0.612893724813012 0.8309503612152771 0.044597829631954466 0.4911538756449737 0.3302884020377884 0.6808599719287798 0.31801621752110565 0.22760644482950665 0.5938453568004562 0.5745923230387197 0.7173829809578827 0.5472128114194174 0.08775813481574013 0.9382514277754695 0.8374950271629366 0.857913469712545 0.08528844467101959 0.9454732836703238 0.6284175522796439 0.023226640016073996 0.3614166705230851 0.7819455864964256 0.6340695562537894 0.3071388959842326
0.9926246458031848 0.8774649654566934 0.1034760358692175 0.24870545132544342 0.4227184469715186 0.6566291412478596 0.48404428239282293 0.6506790502078083 0.34966272583243274 0.9619960503871833 0.760767850685719 0.40811361683797376 0.7722703427455104 0.6317245459096115 0.14775137396468774 0.13182582858300107 0.3613138373670506 0.3345079650637264 0.2039638488319745 0.6684657598029863 0.3876695776691944 0.8482508235434936 0.13911091388615326 0.7433164514352604 0.562435002562221
0.9013791901527566 0.821946239541932 0.9718964100010462 0.5268769288135096 0.26282602397706867 0.5951112786740878 0.7544068063785115 0.6789305318698325 0.1735701645235732 0.6578874181876787 0.42855298333921343 0.835231136154604 0.9809997809999981 0.4339261467663106 0.8158408113182453 0.3692513381488086 0.12842470768521186 0.9537885954822721 0.7860430776722639 0.22220276494403834 0.01992932923116908 0.6198292762500691 0.7457367698531522 0.12670706074252536 0.7820628901779033
Radious = 
[2.1827891805091366, 1.6538224676089557, 1.8697045875590501, 1.5718812930891002, 2.3108494935756982, 2.0706003881282506, 1.8671269175256384, 2.464287610884155, 1.8889816506184918, 2.2749400564440334, 2.1513396186255846, 1.7739787793337882, 2.66878833668663, 2.2643424756747375, 2.1574492515373644, 2.168495769337332, 2.476793730794177, 2.4835126801977996, 2.054241746808318, 1.980486286077967, 2.2636447967758935, 1.528464336864516, 1.957326849904267, 1.6836515238037675, 1.8121756525688875] 
Solution = 
[0.9206216069555354, 0.9856691576174594, 0.774674060084787, 0.04775863820710147, 0.18549591452419, 0.8578182630693866, 0.40856467757277104, 0.39323829533782173, 0.5348366204557031, 0.3588441760421035, 0.8482146434198589, 0.6066959575576175, 0.6858861291336749, 0.7200700948149255, 0.554764744741863, 0.0031243516290668794, 0.12224356945227866, 0.21077196733096437, 0.24535915123455332, 0.3211974337862381, 0.29367018080353957, 0.02784729941612507, 0.77295617561813, 0.5421979313878822, 0.11898936504540303]