Dimension = 
25 
Points = 
0.9815023508408275 0.7717684925511932 0.9936705119226168 0.9228375808636643 0.15693455920306265 0.8707234794962629 0.9243956738988248 0.997105441635238 0.2874472045697951 0.1026157184919998 0.2853646207491569 0.04935907677035911 0.884121834323971 0.260461015562339 0.9684633511134693 0.17719577944068055 0.5642377276132678 0.040707011963664 0.9442729256867655 0.5229189531048593 0.9192499185759548 0.0882165390259595 0.6960904465585932 0.017857536704753874 0.12008551544753021
0.9935567776923482 0.4818767584299338 0.581834753562732 0.30187354706586356 0.4685610000098558 0.7011675722595389 0.3290794922121283 0.5926130299279936 0.46176521516935276 0.6695206448429399 0.8768253260058778 0.6526256831259736 0.9887072434671992 0.1392740058157741 0.6745557916820916 0.8893730597952415 0.9987811882964878 0.09013933090076431 0.9575485366919909 0.8170623878686875 0.9788254176796052 0.43763345025382405 0.6345301128923634 0.2241394883214307 0.7870070438827834
0.16419295220380248 0.8710324931048954 0.6719419915195508 0.741145815579148 0.11186514910188416 0.9110228383961455 0.16195735677647527 0.9239484613691261 0.5947504851423122 0.0679154846965575 0.3964259954161917 0.8952562716914798 0.44688550663734683 0.24455706797100152 0.9643047057217964 0.728958931240554 0.6492252812953712 0.8964695025707277 0.2828122444893749 0.26482716091993164 0.5411126410944807 0.20117386317447206 0.37706689670110183 0.9699190901550505 0.8372264313528504
0.08939544551036926 0.9083560147121064 0.28766880668143835 0.13460854788881516 0.5801122771515311 0.548540059381443 0.19222414244898656 0.7785190028674163 0.3448154299521763 0.10912198852651223 0.19871020179300303 0.7735691206093507 0.39943723281007404 0.5100092106416587 0.22059352474922023 0.998407457047696 0.8618522840894053 0.9653343075279643 0.840976558539402 0.008538262318557477 0.41778792205508075 0.06837209826438218 0.9018008165050637 0.04363888832799434 0.14923964044871108
0.9743299908293612 0.5166765548840366 0.8316991301854707 0.36452959685648156 0.9645749333480135 0.6959798080277729 0.42191516438912213 0.6110676577802853 0.8846648650484413 0.047773883802206485 0.18021465391526448 0.758320180353586 0.1650326927880632 0.10419614377069031 0.6044589624660944 0.933242936261423 0.23485347440594317 0.08815227552399096 0.3824387264245642 0.7912000001865244 0.180199037044232 0.6073479060756715 0.003909775639460933 0.2344602286885903 0.14397705037081043
0.7849809168885663 0.45792573546397153 0.3420098257243217 0.46600382687826725 0.6448679440328016 0.9476090040050598 0.08665757463116741 0.21270494174235777 0.9240106532579487 0.28800004621240505 0.5523712497831664 0.2663106717633733 0.2721146974646421 0.21094288958348095 0.5860217883374298 0.9620989965923297 0.7524196497041522 0.3177295747927764 0.6958199801394815 0.9411792572028163 0.001152018565887758 0.6461106508136926 0.4854819094971926 0.33399831637405897 0.20266916270628632
0.6151191006208749 0.3302626926632817 0.47194774160288355 0.19841451374022323 0.5555327171439229 0.027936771122504145 0.2168497494496141 0.9848813873105892 0.9321989507340517 0.470542861937556 0.5430165402791813 0.9777629011795185 0.2388834730385737 0.536538032623159 0.261783313810259 0.4210956546021064 0.8120904294685924 0.2643407674911422 0.6112564427984584 0.2689618934396609 0.4876083590651714 0.9346014466221971 0.3729761869192111 0.8124689315639086 0.29558406642909707
0.4257928351310526 0.6534809268405889 0.4818864360100312 0.5385742258173298 0.5881774852914222 0.4782286727568291 0.881839536914483 0.5038959426943052 0.40876265644237153 0.3413943837435425 0.3094723211798266 0.9590092240885969 0.49985492793760566 0.605522362101398 0.729852630375395 0.5268946957691351 0.3517720990716532 0.2459839551634786 0.8628720399898514 0.9857145340085657 0.38796177272428567 0.49491379562847937 0.7965775246374165 0.7745548558748852 0.9633117058087819
0.5970827041177957 0.39256863811936404 0.9708219880459728 0.3273838617261755 0.43428334393872636 0.13223986597029502 0.7635768512604356 0.08335943213394681 0.34881296019466357 0.3710231009124684 0.30556909616766537 0.4541954713980766 0.6538135060701739 0.5324299612982135 0.9044045029874451 0.8955252465948723 0.6788915314139664 0.06760913464092744 0.8553414765420154 0.436531522411744 0.16161614035289995 0.8772485426499058 0.5826261901617468 0.8380984171925764 0.5517500730913516
0.278121517230419 0.7552843842028664 0.9646976998829535 0.31301784192520343 0.5460086995298928 0.2253854731883319 0.8386315444601109 0.5601876287579896 0.976141440500522 0.08084710273166029 0.5472238289537765 0.5609330787836396 0.7759950595238835 0.27489360953483477 0.6713952155534577 0.9380743340155067 0.037333147027318825 0.0472481702768931 0.44820816766008287 0.3011977693047785 0.7698110235822486 0.38023393751423873 0.570161266631016 0.7693611570909815 0.5569170200303364
0.5704486606348675 0.6879111113952832 0.1632781329251186 0.737291184583702 0.13664007101485842 0.03491405843317219 0.5058221841488397 0.8038477446754183 0.4014299223085699 0.5856553912465543 0.6755189425337972 0.3520185045549127 0.5418052384576768 0.4772354565550353 0.00842326973648444 0.788449707605875 0.9569029927671018 0.4802784442993707 0.7769689317405377 0.9351128005604282 0.0033889658171694093 0.6144872619552418 0.07447974329505302 0.7458529876794338 0.96070760337674
0.9404758729946243 0.2620656416717415 0.9674236888050802 0.9030821029533009 0.1259284829325601 0.5892322238507821 0.03938280567152341 0.5847417637697867 0.2342386034925077 0.6588194975145857 0.028093455589527694 0.6452445632287709 0.6238942651433973 0.10765122553948459 0.7024536441461748 0.17413614644404707 0.9520435826034234 0.7097802674653715 0.7565663704074802 0.7225994277188955 0.657013973420279 0.4482696761328304 0.3618286844570481 0.8698146201819988 0.9936022574968888
0.6256561066893287 0.10001316435449048 0.717433973979104 0.22031350056820087 0.8461536921586658 0.32686606147596164 0.2193254443861865 0.6195652059967015 0.8662052636586433 0.3980543038634139 0.8383921216356982 0.7756937915498425 0.006668143635117252 0.15468138148889066 0.1945673850657097 0.20056432131002566 0.5046423014509622 0.1024466086136051 0.5667718816592898 0.6778807305284877 0.8388959271825612 0.8990370402221892 0.017129685766546054 0.882051522226961 0.8698765423444422
0.5086977235083502 0.4283085945589774 0.05981398032750174 0.9520803134656739 0.42878619548089736 0.0204797921020059 0.2969096544950621 0.4155606331152528 0.4518789710634481 0.8548615479875754 0.551179411705492 0.4692050391232676 0.9475494755100823 0.2124839991210523 0.6434145040076937 0.5824247891404313 0.5241616037374018 0.04868334350808723 0.16028324084993173 0.7924649852142849 0.6834428317584954 0.8346496205005078 0.5227374818842766 0.2810721414381788 0.9341584513587917
0.0787256677114585 0.7863206940136073 0.8273686416429586 0.663124347365541 0.07268929929465184 0.358998220263925 0.7130758222622999 0.4317406645521048 0.7817308469008417 0.8327118812602369 0.44114852052835096 0.6180378575004473 0.925537658884425 0.3778353403280651 0.4989455454776298 0.5033915007812475 0.8085715542735691 0.08950958340757764 0.40308434757625333 0.8519776934802165 0.8120795096141865 0.5167705005724774 0.13860142538998577 0.28992233420684455 0.246012057266349
0.8939271879676446 0.1765897858888087 0.5557734178971404 0.9275404063897154 0.9092858575757437 0.4718679073640957 0.2667732521065993 0.15781285576563064 0.4398121074091048 0.05544658526910373 0.3178936233978107 0.9460910151823992 0.10354162818440549 0.9091123279562813 0.9242917100503751 0.4813883521260426 0.8801803703209082 0.2060917136885113 0.023378055000012332 0.14120206764192622 0.9307363109678184 0.2807849593327503 0.9760882744011623 0.18416856722860164 0.12143217998987821
0.7739295706307461 0.8700470690273387 0.7448752304076227 0.9934994877705462 0.2104748511436242 0.25378156805364005 0.35983441704100083 0.12221952944369951 0.9811272510255833 0.44994251100250315 0.6709096408799318 0.5760417390328787 0.3667913475138842 0.16682692052018677 0.7842422716874616 0.139646868008094 0.5073501731084759 0.04266547235772511 0.36199489854890554 0.8525298561189751 0.13872734455403868 0.16360982710705596 0.013214167484952744 0.8260569507014232 0.10451641474430073
0.8391614055116843 0.5447016769093408 0.8703547798799628 0.7675671834799495 0.7497565438275675 0.9500979330728676 0.6777684660011518 0.2641255301536457 0.4478383608455644 0.13319533279971274 0.2077815537816522 0.8051551097900465 0.5071805041723901 0.3115234103512341 0.8556884566757944 0.4116875021547529 0.7051424979453105 0.1340764556841545 0.7611607536293896 0.2745381528906311 0.0040504805371447405 0.1968114715809851 0.19103303009606543 0.20584768097171413 0.24585081847655033
0.15683376003456895 0.04225024039230285 0.3993272758923496 0.8505374789680983 0.7698265730397273 0.7021281210554916 0.9751912004577642 0.23656572081514649 0.24629715123149531 0.9883904490576126 0.5979580344374984 0.7003136226143949 0.711618640937968 0.0966101564404076 0.9184918859958979 0.5791859672559104 0.40747110451054336 0.7247163082770642 0.5260017269792168 0.4390464002756713 0.26943264958708046 0.11652857733987099 0.988045716501386 0.25360536370688314 0.8873278948537008
0.0176197236339517 0.5827494992924381 0.15167519492450476 0.41768327356084844 0.3670340632713299 0.34740685684319395 0.22707297800893 0.8653739013172784 0.4684037620112901 0.9997889416992893 0.3851323757509164 0.9862023216781798 0.16743063675916925 0.7249149411439989 0.21574225571866157 0.266053597219295 0.18396655863291334 0.37328437065550957 0.7986605985228196 0.2747059404438169 0.16630050500966154 0.6010052410649985 0.40055595439276526 0.925890679744932 0.4788536862410898
0.08958713437184507 0.8820862446454075 0.9746311459285587 0.9692979897975539 0.5308833542806672 0.41940050533162154 0.9456374723457455 0.6598937573072674 0.030715168616890498 0.2872682595655166 0.5782002977571763 0.6430185311401525 0.15851429297628838 0.3841844485226894 0.21475058825390447 0.9210406104896771 0.8538633841047455 0.6109333357923259 0.782345123198247 0.029149492748474892 0.4822850734626858 0.37393860123609657 0.1221827537499921 0.7925859372935877 0.6105636453290005
0.13752901909815662 0.6793597323431478 0.5299894668133542 0.47562976700357684 0.6174444522391774 0.9686899211730065 0.4793217537865302 0.44582981846763614 0.10863173921510527 0.7666853328038453 0.07479081636840679 0.5700537362677536 0.9943188609397171 0.4370773810556332 0.921648951002158 0.7747411287408935 0.9407510932241332 0.25095030130983587 0.4834448272278369 0.8632157287570957 0.15304080831237832 0.9340505851593637 0.6672006937686783 0.8894116989507331 0.7130965795504861
0.6516713772462875 0.6402877170463942 0.4954353934581538 0.10646633790308713 0.8405752877352114 0.591436672104178 0.6090923915319151 0.9701239323110045 0.887137594589312 0.212083605996356 0.20264967955176316 0.21795460624609153 0.1117820250046917 0.22112943959052955 0.41064270144127635 0.01194718728555455 0.6718607087026417 0.32379721236116543 0.1765625505582783 0.23337606590530235 0.257028791036222 0.5184279052203249 0.25262161648853876 0.7934289718707278 0.6680600998637869
0.13285114804513953 0.3378435630738621 0.021484999396343518 0.49134246821838456 0.6771748998907816 0.706044143977248 0.7150702336650836 0.13940151010930668 0.8498532392821996 0.36636680666289145 0.42291578535292595 0.44681344590773 0.09990166989603122 0.972262791967085 0.38243502084195646 0.5355674090874475 0.8374764427752069 0.1958199967640074 0.8054966837885048 0.8866708787123883 0.6068362682301691 0.028724777663522216 0.2615716846201481 0.5162789041544943 0.9387831133594268
0.0647858245917422 0.03659004781787156 0.08993875279879548 0.4795291613688246 0.13249334203142527 0.920959228862205 0.21890876302889029 0.7639824280808972 0.31816892836610056 0.27883452399957587 0.18961985745642596 0.9691350013327087 0.6712293798250768 0.9124181661761073 0.8838682537266149 0.3614573997388266 0.44795297221771546 0.27545713800617766 0.8033456487867305 0.6917829376906677 0.03303081549887976 0.8069928188370494 0.07532014710692092 0.622184703176642 0.8737068219630296
Radious = 
[2.1583095527902345, 1.6812745033868723, 1.6838383072268557, 2.3166983025412193, 2.2611221010827163, 1.9864251103470187, 2.029880994141925, 1.8921000369116934, 1.7589434510225586, 1.767834697108506, 1.8576805430256123, 1.5238764400860245, 2.167023069606655, 1.5854839267754148, 1.80114942318729, 2.2094712695252317, 2.0397131256795937, 2.130413988898256, 1.9721283202472428, 2.342959760389602, 2.066911767056805, 2.0549241948392734, 2.2443823285611817, 2.092175401736053, 2.1452641470500997] 
Solution = 
[0.6195350351758246, 0.16809815937989403, 0.6756194480117937, 0.9935986391511825, 0.1655602432934793, 0.1142188777230565, 0.19321413593043946, 0.587842634616138, 0.8104976487556902, 0.3851124735133742, 0.4455452490553683, 0.24558564334331767, 0.906085688359391, 0.3349462908929547, 0.9959658675506213, 0.9872990574717067, 0.7133579430395168, 0.7370797739444661, 0.6394056783548481, 0.5061330712372417, 0.8453600254463663, 0.33301838248250415, 0.4222656088685304, 0.610700046932786, 0.9007080491020771]