Dimension = 
25 
Points = 
0.4062738901500439 0.9171113550209311 0.3207052759134822 0.747066466442745 0.3950128978482902 0.8307978741566837 0.3355355111721623 0.5150086726242282 0.15665471922832896 0.8847406501574573 0.9086679554851875 0.7653812087295052 0.9601273959899407 0.20810963357959122 0.528569725128904 0.2428642375883393 0.05471223051934371 0.013438884928958394 0.1314378823148068 0.4881572055734924 0.7591678263148072 0.15119890677663683 0.7201081802200832 0.43439735009014047 0.49855137212553613
0.5405275881856443 0.5831161554456882 0.4384535712583669 0.13862032559980564 0.03453106669438977 0.6997804439414581 0.7879292465720305 0.83498687252494 0.2213572690925928 0.8777428808296392 0.17556215732258507 0.17397329290918728 0.250929045060015 0.5297821576403975 0.9512815979978753 0.2032494978242737 0.32356354548125543 0.7057693012452928 0.7279514833208318 0.18925510316566352 0.9141885900474653 0.25986002963899246 0.9543792617778087 0.7955557331061274 0.02161940648568228
0.18498412270127795 0.96857733703293 0.9439393227259406 0.28007991047424197 0.7203734405126108 0.8160916162368339 0.05490456545830946 0.42029069990500934 0.5238576788750664 0.6258406547730953 0.04662933882767428 0.7753706434970822 0.8274042961073876 0.6481935862403245 0.2566222779442441 0.14241784887883602 0.10404550149441127 0.4228725994822301 0.9376026449120782 0.4048053849037131 0.5019319542703479 0.4490560100900113 0.6736654237312392 0.6732760087997605 0.44128815152296696
0.7653801583977105 0.7225142806829791 0.9296439624605816 0.5049919318260357 0.18390895542334373 0.275141537812003 0.6493473721952722 0.8539948574128217 0.6255564790348369 0.020376011590342746 0.6800872644217818 0.404542672618478 0.6971914188599787 0.7386096336154708 0.09060606296642149 0.8014648094588039 0.4392357205924001 0.8973254888154689 0.9811299615682004 0.3676767987868358 0.6422064301661715 0.4819654762020892 0.37148967064639504 0.009038939988737282 0.6894847570969906
0.1014627591742614 0.9484446432031995 0.09156233788769097 0.3684513222404816 0.5323722772558954 0.4956797991453017 0.9312887392733462 0.6761278125700331 0.7738052505743239 0.5358689267876426 0.6645708865590684 0.41773991482257244 0.13966553936277193 0.6357757284148013 0.4221787416426077 0.7360432655424948 0.21888059045273878 0.22259472732294538 0.6119985730848557 0.040891148884479867 0.4077496015106872 0.0029789291298615295 0.8547615684175403 0.18152669433180935 0.8761914975783851
0.6468952481200337 0.9822885015217768 0.8611495589580468 0.32405126326833866 0.7777423944022726 0.5323993142610491 0.27367410174272644 0.46572645749082664 0.43742527579447343 0.394508500503163 0.9053879442593122 0.8566980141491857 0.7543372667637401 0.49004253351296956 0.3919836835785967 0.053280806541433745 0.9600241123990851 0.13203609568996832 0.7882934420757074 0.5622930954833504 0.506891390878007 0.2842011721723051 0.30422010588780957 0.23796380791160954 0.25574047446667814
0.20068561326666368 0.35381307710056265 0.136742064725624 0.20125387379457327 0.9885376683691076 0.4282648848060172 0.0024680713590087278 0.7358427397289826 0.8241809008422356 0.4099002558144713 0.14737164241661038 0.9295812328076409 0.8449489010011562 0.3647830887593191 0.054344776395712 0.6838369254128202 0.8936732152943917 0.6795793038303369 0.05854252415431327 0.3505716965033182 0.6927638006455555 0.322733379189282 0.49681310594345596 0.920984270474673 0.8760130052331521
0.6372415682178152 0.6043269280530125 0.366160049739788 0.7881427596484206 0.8875533848839438 0.03874605559256128 0.8219154953488541 0.7442628835750281 0.29528452952712747 0.7378917360228872 0.44987634070172877 0.1873948183360007 0.3149066909774566 0.9437234931983431 0.26230780550156985 0.2759693737243696 0.26745933047994574 0.8131082345737318 0.3169543601317466 0.24817397348170522 0.32172773531387844 0.183347297294559 0.16213126450951076 0.24664925964322404 0.34726266736396816
0.2588072144863258 0.24954350654634072 0.008163317089375566 0.5371387142439016 0.2020552212968857 0.49214823051792544 0.6685471063030064 0.625334348342704 0.41324553732966374 0.9076751553298223 0.513997480041166 0.8570408263088654 0.9638456860272793 0.674020144548327 0.44662914328236736 0.4954645175239851 0.3323153377824497 0.32278089838180835 0.3417974649672758 0.8772738607724354 0.8454964705237912 0.22904746570994117 0.8678127207255097 0.02450524840089785 0.5642930650964774
0.6445257524687026 0.21999346543868692 0.8348721163030408 0.7176467801585641 0.11132006221487356 0.732743650247592 0.14918247093985892 0.9783037348310974 0.0037468939356906095 0.6202063038412644 0.6153157942655838 0.7774144044253206 0.7666753008328826 0.2564232373355747 0.8713534957663287 0.30827261197822287 0.10702524177469075 0.6761442032719359 0.9267512154439734 0.38419128548846526 0.2631342684929233 0.5917426188240659 0.04912146485267832 0.9522745979650706 0.8282496789793498
0.24626173205898239 0.6841732241914971 0.7487478877103259 0.8833978928793801 0.11401774481342675 0.926100658961409 0.6389532685667423 0.6790183744512681 0.751645628730909 0.07878472255992242 0.6442660689907559 0.6874443091724532 0.5769330305530337 0.8962253083291823 0.8699228905087363 0.9806767404186586 0.2732246401859778 0.0889732088688644 0.9904735406140611 0.17007318365797264 0.5818278191521533 0.5852234111519836 0.5639214882348914 0.699219742664038 0.4444097358142961
0.02658266419293276 0.14441830788592436 0.5756357384004989 0.8891168623762886 0.11007061670303853 0.7987844799589887 0.8131392751897567 0.45491039076793727 0.38282820477195456 0.28008788511785665 0.008177682035524603 0.836968738650254 0.31448173350323994 0.013290954654230247 0.4865697245639391 0.20430078092858395 0.39237479988133817 0.13263383413368257 0.85104061580917 0.24620715649615343 0.808608431123472 0.8185093058569103 0.5126491905060411 0.9473504640962593 0.8072503288781016
0.19023801600891455 0.6790882243025764 0.11570059462336013 0.5654001127817729 0.060863985179123836 0.5534086691911309 0.6300850155646163 0.7581801638137108 0.8308259190702657 0.7257633056668308 0.9864769157984711 0.514044097940393 0.4726133854079746 0.04948764865319466 0.47668857035679923 0.40177680383611136 0.9772060410748968 0.2767518401928287 0.45195187049400476 0.48542774042414116 0.5659715199234224 0.7530187411126393 0.6749932762965104 0.9240899431976347 0.7295513096316577
0.3333558809686833 0.011937104671539855 0.24008024313052667 0.6344150035563996 0.15834187774295705 0.47334959050275294 0.262731610008469 0.8387795476623969 0.7336255484233307 0.19975368879363242 0.27411605298024844 0.3219196507210693 0.5162559432314662 0.7480861839147153 0.7459421770641912 0.36840133750977766 0.7173903460421917 0.0748251512544903 0.30797252825828636 0.31949394363956807 0.24903092090699908 0.5971350166960008 0.5728771303339985 0.6583860540542539 0.761926806259521
0.23405712414140378 0.7124572631227626 0.6382044844966531 0.44004031884668937 0.34805517087880156 0.4410763059695153 0.33429511605310047 0.43340157289587533 0.31564987104375175 0.6729704587654709 0.3064130235397632 0.2522047990466396 0.9308360260366342 0.6061285940460485 0.8168372591743897 0.3546138216603413 0.3611783662870416 0.6145646695343302 0.5954445335160239 0.5334240128890039 0.46029081728122 0.6602637999377773 0.7718716070869863 0.14817078481638146 0.47189182320170997
0.06579377548357623 0.5087448199795638 0.054755055330073854 0.8137641310352491 0.8864976496022917 0.9144733938054015 0.703913834513524 0.09889638323560657 0.5679895340243528 0.15299861042646334 0.5087737533654563 0.35643389892511035 0.3525443735356333 0.9198315892191732 0.5652114576919602 0.6432629488032896 0.5547003651745408 0.6286663452827355 0.28115189698349596 0.5395319663502528 0.12437106650641139 0.8659980977325936 0.6102568814349566 0.108799860502381 0.40111052990131535
0.3644262829746877 0.9392920856635832 0.38791198354977974 0.6735375861472147 0.7915836506123568 0.6957858852276831 0.6990886485586739 0.191153409438228 0.004506062999129812 0.10203788613461884 0.5180201847028852 0.2512841846381988 0.6462246530535897 0.9007543261708651 0.13456082093647648 0.8522194264221091 0.6823492301955802 0.9262733969277008 0.12300871127870472 0.06629286454008532 0.0007716441915051053 0.4299499495692679 0.7431499004503604 0.6942185837761988 0.7544495285725561
0.7276844840719361 0.24843384680246905 0.6461323457246877 0.3491481719153764 0.7244018774506971 0.620014093386032 0.14427957562425187 0.7464650136390336 0.4743042886767239 0.7031237431141326 0.012246628877846333 0.2410464201989404 0.15121105766776655 0.653142633600161 0.5371054033350762 0.6250688853736391 0.5854838480087596 0.015205878885959145 0.26402081605382155 0.6615073576283893 0.9922228642904838 0.8494307506723409 0.23974279185368275 0.07397422371135964 0.8683277895441222
0.17004862982304614 0.31859097918719004 0.614287679486073 0.8783068379470043 0.26177331967534034 0.08582063098117865 0.5291915444516893 0.6869992547902719 0.8635040366422098 0.5120041573260673 0.2554971517534883 0.5539435902831572 0.20940712200535516 0.7015970366607807 0.2885829758712002 0.7621947057875119 0.6441193760014204 0.6581337757267439 0.017122983213197385 0.34600966229255936 0.826976750599424 0.03355908073691993 0.8166642005262508 0.20506861231015638 0.0890013613736439
0.7486679360877984 0.3360973188493178 0.8753905685145879 0.6290235707726348 0.5456871142358996 0.7167215772321228 0.4903508800421932 0.5661443614838799 0.6486622534333166 0.40767143877798895 0.7934890843036315 0.5173104921386664 0.6949812743086612 0.7793289187820837 0.7510635151918869 0.2920785332312281 0.14481947733118383 0.10138107545791386 0.45805830525129143 0.24879165186979102 0.5355179878527764 0.16100610550529215 0.27710817750305716 0.6504773757885848 0.8844161061952123
0.26650743263872445 0.39495240103582074 0.49747228655239295 0.9402723871323717 0.38539932617795636 0.25322323412784276 0.13623527417307257 0.26119120788098404 0.9332842076122116 0.36132973046219075 0.32202004748401547 0.1944435382167583 0.630063617716509 0.20129592872440483 0.4422660920073308 0.31516154670208585 0.595348767481383 0.944996031015289 0.1891346412211401 0.7476626368977511 0.28488777446094604 0.8206373746413848 0.36228175475996294 0.8015165321778743 0.3949745863730897
0.7650899229714643 0.08948106428317848 0.019170743630045672 0.7231051021821704 0.3879883367582302 0.17001983354275563 0.855645944665113 0.95583426816352 0.44300820718681133 0.17353978890287436 0.011230951689489732 0.22948502871053433 0.8708194365478626 0.04069680079898397 0.035773670466163754 0.4107980811624 0.1998529293540504 0.6742081722811735 0.47286887082154205 0.011207349188770643 0.9273597388823639 0.5267124632100947 0.1976360332057433 0.3672779734419217 0.6321663774409858
0.3294547752222704 0.04075264195745365 0.9772951332475336 0.6771234717016714 0.8542439509426825 0.9473217210484981 0.3239733532728776 0.8437241911682902 0.811588679137317 0.832835220929944 0.33612674103142803 0.3467220413047435 0.7634966430049014 0.6499193450407136 0.35450731024787363 0.9553779576884102 0.9957511884640338 0.3720554970089639 0.8378369729773636 0.708551645659208 0.18842496088155747 0.4388470236808101 0.2554374986602722 0.2993377159526591 0.5144808171984712
0.706508153823672 0.9413852682681805 0.20179814015090258 0.00492849038966614 0.1441503980133011 0.4815985247701725 0.7894448825372657 0.796818219473745 0.564369128686238 0.5926299069964756 0.19774357108002483 0.5943873701994277 0.3329984268781492 0.017996007492963817 0.6844229763733726 0.5406617180061115 0.38473965714777514 0.0067434398573178456 0.9875522065882051 0.6933873407000499 0.02154019981995381 0.024656426948906462 0.09580402482882677 0.5207959153949103 0.20073220074709708
0.46243876244711546 0.09072909755142566 0.6043118663917665 0.8921905111433813 0.9189248496390798 0.029163750898999252 0.7850759147434023 0.952112024583373 0.7622362493398295 0.8493470637140592 0.3461070853139504 0.688291748911181 0.22468291198937673 0.43709668239498944 0.7313095748344443 0.1916328755403791 0.6348178228014723 0.5097724242737154 0.682389407961689 0.07336823784701119 0.6356317954827004 0.08100471523114872 0.21030434985962054 0.7706155679113488 0.16832148113612966
Radious = 
[2.247097566277869, 2.0718148990716663, 1.9127111226626177, 1.7200886670613298, 2.1749101861866262, 1.8369738245165652, 1.9810415518772082, 1.7853075508566971, 1.9652788102313365, 2.1615858679563775, 2.111143334546244, 2.124633894308729, 1.842143868541239, 1.9843819868937966, 1.8484695650624172, 2.1868260285667525, 2.0345920323953326, 2.378858422980082, 1.7764754740525417, 2.0805261646318876, 1.7034196738136036, 2.1158057400848556, 2.1803172089981375, 2.003852532324406, 1.8957553753548129] 
Solution = 
[0.538831722864747, 0.9937186895543564, 0.5251626472944221, 0.757864433044269, 0.17031975818435074, 0.13689778323233537, 0.8160795906129334, 0.813722353174385, 0.6695710320253697, 0.34911582227891724, 0.18756696953622676, 0.8900776812186042, 0.5988233135510659, 0.7726952701059543, 0.12791476409130664, 0.19407871527613052, 0.8793043372540952, 0.9777535523855834, 0.6061619051524559, 0.9274396802255365, 0.4670647781351671, 0.31216011577475133, 0.44777641516727407, 0.8908658411018968, 0.38769856765369226]