Dimension = 
25 
Points = 
0.302317463361236 0.6739682286036837 0.8000601216736988 0.12509362365291665 0.5617912502726141 0.8075570395691998 0.12130219397144437 0.5546764547941847 0.7729517427866591 0.647907452708667 0.44862081662161546 0.9639647617545289 0.22400343753834595 0.7451330352479628 0.45665290225301225 0.13909462353484625 0.4843581161950956 0.4668144985001442 0.5868702982931554 0.13229126253013124 0.49544819175234156 0.7625864285751398 0.8295898859664803 0.834487362052538 0.059257963681133785
0.8757315948270094 0.6264768906751799 0.2535424371664884 0.5972408950305887 0.5032885508778611 0.6126709557698061 0.7574364391241115 0.24330770802357327 0.10178421201424104 0.34244029355907446 0.6637166434070162 0.11436969555413445 0.5301776629406675 0.2675198437497651 0.4874442439889597 0.5558650811528056 0.23655483333503946 0.07643623745808581 0.5413054240418549 0.8542174381595461 0.2101933806287557 0.5274273101444906 0.405614700740771 0.04615283033570372 0.9597973773196612
0.3731776624856249 0.6304889782752741 0.9323679097287882 0.642794010297642 0.13244172322896663 0.8251009085550507 0.9175467804205114 0.8391253873396204 0.1467484088398503 0.021287795509058904 0.6484643660952047 0.5383958041626071 0.5758642868803586 0.2988319616665128 0.08173720119281558 0.4694894310495321 0.830022436005245 0.27380529597874337 0.2772963903561595 0.030085160144961764 0.5339370440387171 0.1353877363542879 0.42394786345767077 0.8877210035877439 0.16369365281637505
0.7547039712832967 0.49828510180275265 0.46120496227465124 0.8595629405984326 0.3865264301378726 0.505867202653778 0.8359469052677863 0.4113198616835987 0.4402456401030387 0.5826235936248702 0.9826605591867563 0.994645825532037 0.2880837947647794 0.8798865106657657 0.8261996381941383 0.9472862628295194 0.6488642397977434 0.08148850072413083 0.6477659511089576 0.6201741827432764 0.2679270206839536 0.17000135066670208 0.20359299373010653 0.2456299880725208 0.821424187704008
0.9864866804237338 0.6075099262549996 0.1354063855232931 0.5029757333238866 0.5478288523173015 0.09974547152391666 0.10525402562155084 0.19479376584165753 0.048035490235633915 0.020489424199651496 0.884614951606457 0.38374248073100314 0.7436403099496717 0.2172624995156045 0.4940695275256627 0.04904065062206919 0.7595293548991738 0.25925779422635753 0.4839000498577123 0.02339461621213934 0.2413060123239157 0.1345080413616112 0.1964403061340917 0.23657679860885916 0.9252562766305297
0.7906204482052522 0.262059123311007 0.5087795635235557 0.5915113495702659 0.4523097254447792 0.7441130697208944 0.8010932046885858 0.07627779261991396 0.8263421743361348 0.5692438518234277 0.758651226273702 0.9231194463166691 0.1999651680993748 0.8255639229757015 0.3069033179476073 0.9856361617949884 0.3809393470353346 0.06366508563587092 0.15812287742454956 0.8639881826260145 0.33290934605614997 0.9551239066070868 0.38817106087801856 0.011621862797484117 0.6723265870590514
0.12450823274282519 0.4400895016941484 0.23645647440471884 0.9449628419240692 0.06543163798503693 0.44421005003030256 0.8207907886461585 0.323547999683941 0.7771418190837558 0.11192844854747075 0.45601110767679 0.5111879279902954 0.3032325786895035 0.8261993273686572 0.20211741064994204 0.44257059674934973 0.7326685886205695 0.09491735910562293 0.28341909564498546 0.4646483166600649 0.7668214233571461 0.9044766477553953 0.7130907046792697 0.014167376704449897 0.667785961192728
0.5366259217995851 0.5108336011093286 0.7958275165936869 0.21481882398551722 0.8366877219708639 0.12318563630918955 0.9185162305498195 0.7718165217142848 0.010020112365485168 0.24235952607209155 0.42672578737892286 0.19711548380882749 0.5040165112148648 0.3710523823385067 0.5867105073562021 0.039358676269823034 0.4035465643887227 0.44794632961937597 0.35602616642856544 0.6020534722346779 0.13527513914829392 0.6750388831785814 0.4249355137992705 0.7353210512611204 0.8658849438442443
0.06962818847277752 0.09223695492157358 0.10481341844339087 0.45024183903642967 0.1615800398660675 0.9039771468439829 0.09562557480285117 0.5326903405991289 0.7639407917117665 0.9936143700291743 0.7463287286410124 0.28773252631602186 0.4580710008255954 0.33021137888025787 0.24695025299296036 0.9500024008148011 0.045663916346508016 0.3369935303424073 0.42398244389487405 0.9731810984069441 0.8063100950100576 0.32025739359057337 0.4508311763923233 0.7626618387225704 0.9633805919878218
0.17775323552966804 0.4124577702581458 0.9748558932394517 0.3931681943304933 0.7315507033839949 0.06099871126389533 0.6099887245398019 0.786158437837541 0.7877835315428916 0.5160403895388842 0.5577372512336793 0.5356064214772673 0.9359938154113308 0.08698796323948199 0.27583068343929207 0.7237110669555586 0.18911526645590693 0.65401861819129 0.8718875724766109 0.7170611156722829 0.49311252539471084 0.142237591525734 0.12945873446292833 0.06999235379334268 0.4100891015949294
0.7653154406586858 0.032608806308500826 0.3002680986381545 0.07557810945017351 0.947880665923591 0.8398040837974466 0.1593663942713911 0.8355289863575764 0.8801069603446762 0.8991030749544264 0.14463108548634473 0.1372998168629015 0.5234176352247999 0.9350496866022495 0.8869103375427829 0.3028340336508758 0.24578673324378875 0.421312713954064 0.416021378031298 0.5010957852832226 0.3905620881412475 0.2629481609242367 0.7958113589491415 0.6994701447530515 0.6158248973309518
0.2604301461557562 0.20265167729674705 0.7143680987500198 0.05119797724227826 0.8125999221796077 0.3270919933363887 0.36742724418694606 0.35742859596518917 0.9938006736578819 0.30110619034149944 0.3641388300541648 0.7027693933801383 0.4436611489003197 0.011889483137145884 0.5728450116098482 0.37090908149529545 0.0038173048546745747 0.6654237368982312 0.8126407312185097 0.8609421446494266 0.24231887680692765 0.9625331008551369 0.747750699557166 0.87675360643006 0.4913753666293542
0.6321810724431375 0.8301595813153093 0.26102986962466757 0.908343436737816 0.9399666491055749 0.14928403188559436 0.24774342568632712 0.7018889087286025 0.41181713813842624 0.8340018823412113 0.11076345481325223 0.4652076235223125 0.1661794990701292 0.92339459858361 0.5576887597897998 0.6277738019436236 0.9132407115572563 0.6476120745614278 0.07064956506313513 0.025169625327608136 0.19614015372467886 0.22414115039313742 0.9901903282223526 0.5630585008182526 0.6779140077252555
0.7108100642281894 0.4841013887914535 0.3423756839276193 0.28784222104494406 0.8505794784954437 0.3383503505725066 0.15346760876800636 0.6863114962793394 0.6296186734343284 0.1581361749192144 0.5694080807328004 0.1443204581705826 0.5607861092132198 0.7151709176446457 0.7746240982223523 0.6703889702550149 0.1100783162929111 0.5467023023419734 0.43229090831410255 0.08050685488340026 0.9065997112760615 0.2972300993739496 0.004108095620036556 0.597753935081226 0.2934717250009754
0.7674303355340026 0.5459164198430246 0.4088325008462256 0.45849647095246915 0.6990968431156811 0.8357228720395573 0.47619246322992836 0.4783702600611207 0.8821191831418091 0.04379387995703399 0.5439622112573952 0.7857612612377316 0.24283620470277467 0.887109563505911 0.5239428710395491 0.08261127949744151 0.06824005631809837 0.9566592545576584 0.04228436534358038 0.6549652301170106 0.42612427446951584 0.48946956964809785 0.8631038835271662 0.11191606991284286 0.5209442677074384
0.5892642883227449 0.5321006623197898 0.3500428805590289 0.1540693521262898 0.9477110582997914 0.8303082580491736 0.38708123858986787 0.3054996113145946 0.5559965841642707 0.05901835127568611 0.13257342329311583 0.6955929197044243 0.4832165515690984 0.9736369644699371 0.4042910743295197 0.022282555831823148 0.7826994663228375 0.697958798795779 0.8178392176438136 0.35690424226959194 0.2610265941367562 0.48403439092661615 0.05267640461106893 0.08958135712639514 0.593862609409521
0.6391778011683145 0.9434150776547828 0.31170463269436544 0.4685502238362118 0.7899335238948242 0.029052705962714698 0.08154279748757753 0.7144011267911962 0.19454739346950312 0.6778151561025739 0.6655832076027619 0.02919410510509901 0.02046879550357339 0.9973989426846763 0.6535150988063653 0.4613341962984395 0.3980081831373158 0.492418743366268 0.6632208893225919 0.9827369471013159 0.991398992137716 0.6614148751016501 0.43170754661961197 0.8424013967784943 0.4389811557511367
0.5840578528625228 0.30424337418564995 0.6095238517580533 0.39352224693265836 0.9588752156633303 0.7667086650174676 0.9753091223404721 0.6532386792756792 0.41388090413734036 0.29412678250672775 0.31820174941479307 0.1930589178005956 0.9941797542318931 0.34536954620970484 0.05644267356861521 0.12227520051008611 0.05562380342435813 0.7806378370729082 0.818503045836847 0.25248737408378497 0.25391743248417054 0.5636836074152415 0.7945582241167688 0.5970399478810537 0.6885272224595106
0.3163685019998135 0.6258147693279467 0.8916299011669409 0.22590093346955686 0.32272490171569357 0.18270203795839335 0.966732626841851 0.7298916245379026 0.04012737398973587 0.8520707231918273 0.08090590084649563 0.5870123696740985 0.6350236126071264 0.8724266263517892 0.9992085237301992 0.2580872889855307 0.02361489867850375 0.3841448023367984 0.12653335146121258 0.262429299800352 0.7772568100143462 0.8917528068021873 0.6439057572029276 0.6007861525771395 0.07871587807679448
0.603446801589691 0.058157973483126235 0.7149423371530421 0.9808920831118321 0.6822609209433745 0.8277008331002709 0.22512145913119885 0.2532145676589611 0.2680659453789421 0.8949007441631706 0.9883832767431031 0.716018358531442 0.41963740742904376 0.055811095127961896 0.3190031688250118 0.7266703576171291 0.5712591335082553 0.9700526722105101 0.6925968217448462 0.0035766364042744136 0.14847534690025066 0.3692111321197804 0.7953457038874402 0.28492076085800444 0.43578207125839685
0.7574320543029078 0.06975364506046078 0.55352774802789 0.1755559779190119 0.20904191389368287 0.806595471920478 0.006733063066138634 0.07718903414179934 0.4857984547555686 0.4871759808910546 0.08485507803824344 0.30881074540600784 0.3694288659338234 0.021702281616713393 0.3619686681930385 0.542124032054574 0.13494945895860222 0.03928783956763526 0.7231215884489335 0.6461834825832177 0.5696547462617062 0.5383982627707687 0.5286173862423668 0.42134102132433027 0.8605790940348115
0.6313384375776373 0.7626688816380507 0.7869610254657768 0.09306027593798993 0.3592925538799865 0.7979462589405771 0.21710182913259768 0.573328872843061 0.9652646732055288 0.671771907447688 0.07739589882038744 0.5076882902180762 0.41627827124964223 0.8229618156372195 0.013828394159172253 0.43095554965418226 0.5244526556217513 0.898912424233871 0.49302266685570584 0.9940890349065206 0.24698440062738436 0.41904593371337884 0.27996648513796496 0.8093827196639227 0.6132751292934583
0.1974987100271992 0.44646653833344185 0.1858863289996272 0.3802467902906297 0.4934451971818602 0.6291637010667225 0.7898976948470919 0.6296932156458828 0.6533603674530365 0.7483082735247936 0.45485055518283035 0.19737231796870358 0.44142993766845795 0.796608782107695 0.32572649470750614 0.943598505445672 0.35531859162518964 0.46642141037491913 0.26798717400630356 0.05215617236059966 0.6760208011005308 0.909504867329584 0.5949175328738262 0.19844633765248443 0.3435149513130493
0.6389604818896798 0.6887498420478609 0.153403542371223 0.2829202767358088 0.484956534368033 0.5434283479044445 0.20677932872003346 0.15058722504731337 0.4209119201001271 0.04028701986613692 0.8819324734168179 0.7465051450207614 0.43046422051841116 0.017185403271088973 0.9763788992551431 0.37993159176753755 0.3128328716666805 0.9699463412765638 0.14978040178627328 0.0382002053824998 0.8563963130443403 0.14897148478175481 0.27936423950805234 0.8260785331504975 0.5999119072136107
0.056898533599153756 0.02748207885997478 0.4107280263281028 0.5544192278775246 0.5893415216937657 0.589157334067929 0.9100245485680059 0.5781154241687416 0.007463539896960025 0.026024666759080217 0.954736065591077 0.00578534618588411 0.7970187528705172 0.4794504017847323 0.4345344179930829 0.4633297414863887 0.520783461668414 0.5589854868911559 0.33358245609017667 0.5738145351050041 0.8995767750547923 0.29972811144781053 0.7688904065594921 0.7099501172026034 0.11892522583804765
Radious = 
[2.194386160781772, 1.5233051553620178, 1.9329199967726156, 1.843060420422255, 1.8786916974391026, 1.9673925201510671, 1.8091886973442735, 1.6703405567507215, 1.9446907190937897, 1.6781862176169855, 2.050681108749945, 2.1038789794272366, 1.5698181680580758, 1.7690418382816642, 2.039162366304431, 2.0442487932982476, 1.9825309630867165, 1.719829952320933, 2.174026649563517, 1.794692088721076, 1.992756754798484, 2.0998919433852192, 1.426383443368493, 2.1682041734548787, 1.7039085950071138] 
Solution = 
[0.18042608994334675, 0.44247482025623774, 0.24634386994490498, 0.7045694177697766, 0.8377767563903754, 0.0812493703794166, 0.6495600174631682, 0.43884990228411636, 0.23756696636101293, 0.5304984137211801, 0.4928277652983255, 0.08634036459791761, 0.38938930731345933, 0.5000065773133784, 0.04200991032085788, 0.9118716490248687, 0.289818426907715, 0.41729751499441525, 0.3266695658222887, 0.31007035815510486, 0.10201501699793769, 0.15023960948698156, 0.6067073150575227, 0.29082739955864023, 0.5736171419298867]