Dimension = 
25 
Points = 
0.3847719324425508 0.5373171004719811 0.9163412451010051 0.9027537549120299 0.40045947292658945 0.01103568075403294 0.6806681714563119 0.09278745067896199 0.5663794703752789 0.5065490916652579 0.1732864106407025 0.39797152840199856 0.8301171018690389 0.8438790525025013 0.8373964498792819 0.777210292651217 0.2758550560208417 0.7563007002524881 0.18973665139387863 0.4986738056376965 0.45973737182699825 0.7262297660217288 0.3153334646128081 0.2521603462898858 0.3185064016892163
0.4164849260599265 0.6868765730326121 0.5764701508197081 0.6615289169102101 0.46374789705069064 0.7785635172962887 0.8359616146501645 0.7785923807166344 0.3462094382786908 0.7557687313338192 0.34072868459796113 0.9581229659516799 0.9426351740424369 0.7860072960966752 0.4465013670877198 0.40409650661330543 0.04163839997976937 0.8859422408357458 0.01135919570867594 0.8569921838489994 0.6152649760404452 0.2361456060476672 0.0932147729194448 0.932242537028634 0.48291702975640327
0.9049238950153314 0.18178996698026928 0.8389750559471938 0.9536028878261987 0.07502852742717281 0.05844672348716662 0.6166867231047309 0.3689347767056066 0.8471359887480281 0.6932278590464426 0.8790386523960849 0.789295902053199 0.6554319916793541 0.9572859660511503 0.2789871916305642 0.9027353389760023 0.9181267407293586 0.6640077820818063 0.512627245151181 0.7422497391045317 0.576411992936076 0.8108089974074741 0.6087955361667603 0.01356461300744971 0.7089068281594204
0.9175470936938905 0.5438050506747253 0.24400682150564512 0.8701791504602494 0.6873241561192851 0.6573733035128317 0.7644587871891279 0.0030722877181754704 0.7018049818108921 0.3445974317627708 0.7760145012571258 0.5247293604531148 0.4593465703248436 0.9620943703179136 0.6733400167768031 0.16325261540874592 0.7998444040809678 0.5856689163346391 0.9065215027613924 0.8992919157666197 0.875778322206756 0.542427429646803 0.3059895453571636 0.9677481612007052 0.831420715217792
0.32098253045241865 0.913014257392658 0.4544473655912741 0.2086900441382864 0.7814024409415804 0.631656768076578 0.8126635666737468 0.4552792396535619 0.6663117176115947 0.4951803559246196 0.00019919801329226772 0.0847641946550427 0.6805229187635707 0.1603237420321223 0.7805017486649104 0.7451899080985178 0.3887366344033176 0.41526224246347776 0.6066942536848238 0.7470444424144986 0.9300542053245899 0.38259163773955496 0.8187548496637922 0.21765500565196327 0.014614684932718336
0.9071828665690759 0.4668308311711279 0.23679768978118654 0.9616333258767911 0.7678255536074948 0.02834024826452841 0.9490429706784062 0.39714872352386665 0.35465559174606287 0.8942373418057905 0.8714294449405452 0.4923687330111237 0.7869359712463041 0.7048982289057282 0.8012210053337776 0.02636607458350626 0.3189265356672202 0.9110453375510176 0.8932530908750879 0.18989596203022363 0.9556926793020234 0.7235185583780712 0.6414706858729945 0.8944438858670487 0.1438084022898879
0.8503329482281117 0.10663300828234346 0.9243429107559948 0.3700439138721344 0.48584625754733235 0.2135673384686192 0.6044727005698854 0.3405262524991902 0.040983368644143425 0.16402673352512964 0.9834196631217873 0.6235586943690431 0.6604158224728499 0.11885201766069198 0.6491254690808678 0.44573124519504626 0.4997032052613193 0.5642335791238565 0.4478791871363508 0.9763403115593735 0.7024581602680412 0.43897236954654806 0.4557159208491548 0.746831943427071 0.8341004065686692
0.07915672089926196 0.5136700910985736 0.802568697934211 0.6777315072690493 0.7354441990723052 0.03901588522086574 0.3408705466726799 0.9229398304587801 0.8801145412415216 0.6024150048478673 0.3193498684724192 0.41331993382040866 0.8280467879985877 0.12976586049399985 0.7023460735225588 0.6919995539071175 0.8301543665412849 0.4861319145625186 0.7997552988364307 0.06719838282599722 0.3960383187548021 0.8308242299144303 0.848185127557348 0.6432513919924132 0.5737374799255524
0.24727767326994854 0.06034776761214866 0.9048239087871373 0.22100076241351108 0.38711600927510414 0.447686281109711 0.13208681319732885 0.29902213457739235 0.8903005813878652 0.8491407254817368 0.971324394628752 0.9518410298878528 0.7345874313731483 0.264085999270132 0.9579781906638064 0.5582833232152162 0.5417827365654732 0.654634696168981 0.6156499812493865 0.3542141668358624 0.4145119391222385 0.22538138030521981 0.12558071388403058 0.896667776268015 0.021311903061844495
0.08725078548508114 0.45884526318824703 0.5855800641929845 0.7840891917752613 0.8033172518109614 0.16778928935706094 0.08694236095835095 0.546070601857943 0.7751476316633047 0.8045119296052005 0.4485304639996627 0.09729829990646932 0.6983074244552467 0.9876871035375114 0.810880143501484 0.5175916011527687 0.8792830285810617 0.7654469253851297 0.9140781114493131 0.2181321054610893 0.6961079814173295 0.5124267001494819 0.04578745732969358 0.16346950796478688 0.20593842994935851
0.7015989025629077 0.28345426431862986 0.24548992515514745 0.8849661374758117 0.003961368176964686 0.47626591963678877 0.7546237103833587 0.8955274945438453 0.7526181203017016 0.6721662653476757 0.737308016479601 0.019003805500318882 0.8026550315832842 0.6853573745699888 0.4462980246896332 0.7711655148494062 0.4142108771159154 0.1703176703986532 0.133650534191452 0.23164857888545465 0.03490517063193954 0.16366180733096258 0.8665790474072076 0.907637788148619 0.888758767411641
0.43290015801604487 0.3303128103690479 0.8565889976101317 0.7228594888910953 0.6913716891926086 0.0487253548994363 0.05558933003825428 0.5391979104375928 0.04114400327223011 0.38476636191627356 0.6173431068409746 0.8763031321617251 0.5468633784988498 0.3518097613627019 0.42591024002247335 0.7399163385533924 0.9144850604157042 0.1099165850970516 0.6385478291879817 0.9131542406438405 0.7444418147609265 0.6001884541766292 0.7448784899310233 0.7198551197590237 0.4619050831058339
0.7410258254191482 0.282353505607415 0.13386005741674745 0.2409952745286369 0.08373034519106992 0.2889868007940197 0.08113131530415651 0.4314977959221282 0.7773143770285404 0.436470969011716 0.3127469840946977 0.4512236303974472 0.27328417021410145 0.620770883847716 0.051833111553930444 0.005801557341744368 0.23621706504477236 0.4774049993683539 0.8496501708188454 0.8992308551625866 0.8454574731737199 0.47005406758866786 0.3928078657796218 0.8565656311009552 0.889400311058197
0.7625533853225833 0.8548393058128249 0.16007336346228296 0.7874633114074889 0.7425928688354924 0.5532960286340377 0.5010505486773302 0.08092428921136874 0.14322518050334587 0.2346047166753471 0.8292491996455111 0.8801672871026701 0.27240653784045366 0.09543135148904835 0.8314085130644808 0.12343330054360646 0.6690798428485492 0.49202910657109344 0.1318266281357109 0.06105999879576174 0.18604601110706231 0.1286925743361208 0.3444309769977374 0.9523809822296713 0.38675740439022666
0.6587532988732359 0.4855590700663166 0.3754641130716515 0.5356952441787508 0.08852001872104165 0.41691189671869966 0.4360405574345745 0.8842355320408023 0.84495592159177 0.24516365935012796 0.09915456178133941 0.8265945398322334 0.8855123504541137 0.1817057459573751 0.8694771620846102 0.9490532645005662 0.8686142075246629 0.49099431484584777 0.5804623653016866 0.4921179145286446 0.04860861846332132 0.5252573572993788 0.4288582244012872 0.9118866149479594 0.2027130629266849
0.04512188630960845 0.5885140888452882 0.9819007069093968 0.8500437284369434 0.38550511774571516 0.2597571764241373 0.4159718222565758 0.6723260275246705 0.6700205240606775 0.4162476738801628 0.7022088259348412 0.025056384894885153 0.5833498235991151 0.04637214579683835 0.7955004619845398 0.8578476606166966 0.21691296906884205 0.6508119417232344 0.3670108498416109 0.5966704935017428 0.5983443438489837 0.47039833068331405 0.9138404763647118 0.0854642127184726 0.29899145156711526
0.0734247946402089 0.9791192835725309 0.8747212811307534 0.5573038987302473 0.12854527467084265 0.009965301608227728 0.00048603536882807497 0.2586231678190569 0.03627771792013268 0.6375274771086816 0.3186598808359754 0.2365731910112 0.055611422744259564 0.7619938395293274 0.9857147611914119 0.55454574869527 0.09215388107546607 0.2672361449738764 0.465776143464269 0.6748880870772684 0.17042261981426787 0.7089815133356305 0.3118600107364684 0.1371965581760315 0.36185561207329164
0.3236158642109568 0.4222249528101727 0.5927422136109561 0.6651049708359021 0.7479181566069721 0.6584948521939643 0.6965736973834846 0.3512223650224643 0.6001461829792372 0.1508454852700234 0.7391392754049535 0.5834097085780644 0.6148836211894407 0.9526785416955462 0.5176180434368729 0.7984478127152769 0.2325568305548612 0.7201104820998752 0.4561236178311817 0.25740054975574056 0.3505384415402777 0.295754370696108 0.37164514417061567 0.8901810817179481 0.2249183189835684
0.9637746525233429 0.6292169665222683 0.21731646341358446 0.053855709009339336 0.5012268987735703 0.25696580138679015 0.11450222248478259 0.9871111775772715 0.9919382979798739 0.7392624558650989 0.5571341645703344 0.9044986337277016 0.3875954463309119 0.7924296864595708 0.799287128878583 0.6466988011135926 0.6164370564017514 0.9282388682281638 0.04975307158329312 0.8423202732126094 0.16672010662524428 0.09001525508793795 0.9518215284176554 0.2733298351259912 0.05693631784910702
0.01651592982281247 0.5329842402617978 0.053148498585303794 0.7706256876164744 0.7956154875575242 0.4280353935540179 0.03008550217816064 0.5657062963778117 0.823321565224988 0.13462151511208764 0.045968835554763166 0.6328003947280683 0.8868333971757181 0.15091036151127324 0.7950748064808784 0.6940594313641064 0.8894808865034172 0.18285615574913228 0.06449716660206983 0.05102047105726604 0.4538959268987771 0.4926620338980211 0.7518619330714696 0.15049624656181138 0.32084112554958855
0.6091916006390334 0.40837151160822205 0.33483477451056964 0.433941379671153 0.5216018008856669 0.07115448545103986 0.9134821685511318 0.8682812461288599 0.24419444540284607 0.4549739274832154 0.48346461893247905 0.6040628842280185 0.8512929666457317 0.04092969442209904 0.4003367261435602 0.017020415773155828 0.03226786798119674 0.9614427813102898 0.42588418598612565 0.639515017631204 0.05201245131736232 0.7970980870723824 0.21225017490412812 0.1550855629852097 0.5277044709271634
0.6681307037130269 0.5489497197062019 0.07010956621715392 0.69169960708409 0.367257589477718 0.5457695164053015 0.19039586116594087 0.7042863287663788 0.7267747305023786 0.5875204074488177 0.5820090544897779 0.33179133446596976 0.39085277930633944 0.39716332750737227 0.7977273511536754 0.7224428490362985 0.7626205490602934 0.371846616242131 0.12382385055750722 0.5283976394300646 0.8201232452815286 0.7105112398390709 0.042809551264677115 0.4519756912623011 0.49734668486730804
0.5421725391848947 0.9528185583625353 0.49875185823798596 0.9868633195791703 0.04523516923262305 0.14916400540516117 0.59173306721226 0.999328619207102 0.18849249161933335 0.6245172676814285 0.5501369870693076 0.014497528216037447 0.7186317081580254 0.614891756146495 0.819125670794075 0.024980599565097128 0.5196321069882796 0.4929981172358183 0.6527428128853578 0.40045429708537283 0.9273668053800496 0.3729099209683452 0.8130341521105756 0.16627501217305196 0.08459113832915965
0.46350886679185044 0.07476113083972125 0.14891460065365247 0.7350407755306138 0.27256007246123026 0.19773935042443602 0.8156354846040893 0.5250572065087088 0.5239883204054598 0.7369004725314882 0.6218940428807553 0.6700667405670643 0.15337740247572496 0.8529910043380774 0.6146741918980686 0.05267657035783713 0.7174648484809792 0.5388720349482017 0.6314228133199774 0.0002173052048276558 0.596056871571749 0.5727325655794315 0.32828713638369345 0.13108489441775473 0.8189763105230556
0.6663303697969101 0.8292648424047173 0.20372313097913453 0.7037215888843564 0.944986760152308 0.16289949868908682 0.7724290425565019 0.9763774865862545 0.7515230828908032 0.6949992795081865 0.9606003351963857 0.1623138455686337 0.2626591746609934 0.8491786904877361 0.3449960793417842 0.46211967629159245 0.7997527173782273 0.4787999411495196 0.026495119401554468 0.42840050375435246 0.9387514236737958 0.9299800711615919 0.7744974494207338 0.9014093946114331 0.812336718724318
Radious = 
[1.902849458477746, 1.8932423056680248, 2.3066189708375586, 2.0290533104863657, 1.8711891584803186, 2.0231733975611372, 1.8198413642398505, 1.9645323896066345, 2.0563818804612857, 2.074051034771345, 1.9173080903038695, 1.7694595324829006, 2.2722754847258373, 1.6950107807226824, 2.0237032218506963, 1.874354282259306, 1.9491352595432645, 1.364216482992974, 1.902594324973817, 2.0954783253877625, 2.278684111404805, 1.757289280637968, 1.9900995107589006, 1.9703171801450652, 1.677018879047781] 
Solution = 
[0.36208063724828876, 0.7961952730258376, 0.4311098464043207, 0.27865106975439113, 0.7962405897177139, 0.2851374602397534, 0.6090085602756249, 0.6663875760498197, 0.07290185131683558, 0.38128137397504736, 0.7854890169027474, 0.49884007448484, 0.15127922084041234, 0.8607000174243042, 0.9560194501921495, 0.9400346269544826, 0.48445083708117487, 0.5333419404920733, 0.20387844386107656, 0.28612598959932045, 0.6167023758482685, 0.11782171130371266, 0.787717936718091, 0.9029660351795533, 0.5094628745480926]