Dimension = 
25 
Points = 
0.5638004506908879 0.7441129604727708 0.08296507393310082 0.0656755940557856 0.9548063750967349 0.3328298645995885 0.3216875396994011 0.8109814717029228 0.9524381364515121 0.28238366493827605 0.5397349534446455 0.5740173502699429 0.38463159054459395 0.5921750757543779 0.3345160289222746 0.9997755119585034 0.9544823329145246 0.2649434388785191 0.9450824121793849 0.0396635322348764 0.7368328093095002 0.773874885387929 0.8070553642479356 0.9210153213908444 0.8413461684595911
0.48690327497343155 0.056073298766195934 0.21160278514859998 0.9414508422686414 0.7157938064677771 0.6806806315345363 0.4045650124221414 0.813507990666992 0.7159554108184338 0.49080836549714957 0.39091507401361913 0.948881817860279 0.5395861818726202 0.3614326583343649 0.848415322606686 0.793127785681371 0.19792563122879714 0.1856355968829413 0.9904618928142574 0.6752026114907874 0.25195356957610926 0.8052817274518873 0.4944657618748076 0.30716864511985964 0.7893431281503169
0.4451478178957544 0.34994452489293515 0.744055319029381 0.515733623986176 0.7577969567985757 0.0803442019417997 0.7294013846987417 0.6595812095393508 0.7189813598737997 0.4043545880224463 0.49429170880697604 0.43846653163370675 0.6895348471412964 0.8036887359754609 0.9596869363392516 0.8723472910304018 0.49766288945257575 0.3995019613262546 0.7622615231895805 0.6227727302685636 0.45954149242987974 0.32643532147682564 0.56763922047384 0.865820653737753 0.3031593219472891
0.1307403847997688 0.8230323919580872 0.5662885240109705 0.2269056957133343 0.933588861758645 0.5497612063329852 0.9547007784985392 0.23066465152809368 0.5582915254488137 0.9550951957634253 0.434664387109132 0.4550629045657304 0.6315723062223184 0.879477894657659 0.7077821312532728 0.17916373719717305 0.9772470694157385 0.4859247279842509 0.06268415758480494 0.6256556273411686 0.3937001998595968 0.8065521607572373 0.6282407216215387 0.24714299133729156 0.5234615708406712
0.2100272794248743 0.8435732198645894 0.6646173077423921 0.5475476898671714 0.7193924672061306 0.7376381375167501 0.08230777016925261 0.8412540771201122 0.6569486140336082 0.12171693955208873 0.4598415278564618 0.020439238321967812 0.6009719269326884 0.6317108018769142 0.17407490644715162 0.023893303072299532 0.9758259220750506 0.5159364046362532 0.9666671820724584 0.5021726277123213 0.08796480884667546 0.6331953178972715 0.6897112231110759 0.9219715161937116 0.41679067802872005
0.9108057003390472 0.6264120107149493 0.8145579553155098 0.9854517115562814 0.3635608264837883 0.6575927759438042 0.6002573478431801 0.693910537873314 0.7126075529256383 0.25237121629052817 0.9366191240742661 0.6157869613866712 0.6145474428795209 0.6827172819580509 0.1948542655927239 0.2982167696211784 0.2270933811744763 0.5991488336104759 0.5308719055047131 0.6168615304023969 0.9750773162150158 0.6677196471899105 0.4293455628245709 0.2302156740698761 0.8597955576769473
0.2048303302410286 0.017656061603151807 0.8038420161526104 0.9154049231787653 0.6618134497940741 0.7969815571266123 0.24307174276555565 0.10114813223347685 0.33673330216588404 0.5923364619111497 0.09207118775199019 0.2726181999221625 0.3651490139207766 0.21118524940622985 0.7681732658014289 0.3075669160345589 0.18062150237609365 0.6667257924462776 0.11465888241134692 0.9722428125610643 0.7063927364983965 0.09315879299545948 0.5130756333776322 0.42460142740700313 0.3249805270573416
0.24485725333245834 0.27161034689718533 0.8828892192992001 0.25329336702837746 0.9493618400113971 0.5013649091471504 0.8883681606565684 0.31362489952163075 0.9641731038601201 0.3988527570121141 0.841115253630633 0.9493387172025999 0.9378305893382821 0.6320176421683628 0.6378464813408996 0.3078855874244616 0.25738580843635794 0.9539448620421191 0.300391277685892 0.4106391707212734 0.4762429167295683 0.09106740824976578 0.4129960497125956 0.37651705262178636 0.8383595618649194
0.47032318989349753 0.26255312662347696 0.5982362477030125 0.726174049883691 0.6348574431562047 0.7300951921199605 0.5121160435313425 0.4911498630680542 0.37502327454959306 0.2436094638755124 0.3963952906469126 0.07811292914340984 0.7051861755313351 0.5971121351978189 0.4663733791620488 0.22887335647181128 0.9496751984214906 0.8349494915458875 0.28321468121252436 0.042293680303162384 0.2365021856515055 0.2289653686686305 0.5773828456925294 0.654103561410552 0.010889672656014149
0.49343833584189956 0.8167761469094075 0.6975389016431611 0.5178287737572689 0.8538230921388372 0.5535282429302526 0.018819729593472112 0.27016921680940253 0.12851084021598758 0.4527526961135029 0.5502600410275802 0.5597847217991179 0.8998002000989281 0.11752477590532606 0.6850298647700875 0.4509594152409845 0.6080802248861876 0.5506601992589408 0.3301963332990505 0.6853763979267422 0.8301008618132859 0.7293885419714276 0.9135173272544334 0.980831750391548 0.5878027902508494
0.625104754679323 0.39641974611726605 0.6786979417252749 0.19872948429166148 0.23304654293206484 0.4652588179708177 0.299543705029121 0.8891101139752245 0.6088192361829758 0.6432346752786692 0.05938305442404079 0.42486761135032525 0.9897507388869189 0.013022859407779364 0.460803991887457 0.16985638068771292 0.5203911950643397 0.27132051488221687 0.25629312476266974 0.9711188467514368 0.38018015458419985 0.4337573996355105 0.7947752774212091 0.8489956208198165 0.7935817060099964
0.23357850034738104 0.38618911364040376 0.9892443842466913 0.4992010554451676 0.13303430116854642 0.5980945365203663 0.7244588157418693 0.9053009478135372 0.9782967267557809 0.3821545946565409 0.9584365543123103 0.5037568361818763 0.6000320588579311 0.04813629075168391 0.3745546490376429 0.03645121418330577 0.679965722813448 0.16113151856539354 0.7406625683349244 0.9241965346043539 0.2081981628355507 0.9547910637313987 0.28566575359930946 0.3778003986795765 0.5345784463004196
0.32434825587041527 0.30364848294475244 0.49901717993676176 0.21772134147556643 0.03350845134113423 0.4785538241455005 0.3163894980184966 0.9897335303407999 0.013585208363534496 0.1639143125785123 0.49458017610246163 0.7162901147552493 0.022462132537074186 0.3004191189164146 0.005184364597622171 0.13875593307293355 0.9520832548671764 0.3143951900716968 0.8094039422594329 0.7840464776744763 0.670080953962791 0.8837363053080513 0.19711996484278216 0.924240717192855 0.6400004750025909
0.6124293413425377 0.16705052838973056 0.8947507200356722 0.6412806672691956 0.959701529999489 0.5705720898897039 0.16499485140252745 0.8923389233938925 0.6429084469177658 0.38506364793507053 0.15590105571191304 0.7534886284991699 0.2662196584390958 0.48856197894958653 0.15349072185266976 0.48086841298051963 0.5282078308460593 0.04350584899225862 0.35170467631271696 0.7580444143347761 0.8051140644600112 0.9827123117504724 0.6537538220621487 0.9344082401904977 0.6978280221764117
0.6346989680529436 0.9395995662778641 0.8053834901373934 0.24972254499705182 0.9157519025441526 0.9251384162203655 0.3853768584895019 0.9769654831635713 0.03917621224064871 0.7689331281172237 0.3544250924122425 0.21749625722345944 0.19909317687943373 0.5062629314393312 0.25700011304069414 0.07761337099277055 0.47079517012915273 0.012448350950368225 0.009929649667219431 0.1377764825947989 0.06216781699905327 0.5671921347713778 0.7080826221226604 0.9837118613238166 0.07591271484773021
0.0784444751185921 0.3641440781274685 0.5546017883484781 0.7765400228706051 0.571868554756275 0.09794889319961719 0.973778250229691 0.9338942917312254 0.7266768177735943 0.5125880236447422 0.012083126656582177 0.21910120535460298 0.833104988737927 0.8969965915142563 0.7833683744307091 0.00617268381003766 0.656143183246525 0.30074481207449455 0.33684909181258815 0.24677778249761462 0.31834175398558684 0.06986405929772255 0.13652453771310635 0.012360925204587314 0.1273862897024466
0.7630684241760786 0.5574872286923349 0.6053100651955936 0.7750342346467831 0.7586470837925552 0.9914852141553312 0.6392334839305548 0.9246775277187524 0.949104459626579 0.5333545992857811 0.5190539012478533 0.6804221588759953 0.150703073110818 0.9953315779464783 0.9473580488698978 0.7891067856494198 0.7612769792949328 0.45959420665274386 0.1861826947118952 0.2581491774417235 0.23113543818479176 0.18895845348805584 0.21675472337707213 0.3423155580262539 0.7124360979030666
0.14920057886677218 0.4096566794716151 0.9422956679932836 0.8949530190984659 0.16691249557560606 0.3050380617827204 0.6796852703232646 0.32380096339714537 0.13134531036209962 0.9722378604319665 0.015082850311925244 0.1054597035646423 0.13082987637314858 0.6502696895064387 0.2110294526558678 0.00501628099950413 0.2258143702427693 0.1848610975011662 0.5716838564621615 0.7272459125038541 0.48704984603516155 0.4767169637495633 0.6320604285294696 0.11793618111637394 0.2335612812592569
0.0980378619362745 0.15602562509254503 0.9167079898282313 0.745689451039811 0.5044829958075747 0.03845395805077434 0.5400856541926058 0.7363540979256892 0.6064880450842507 0.14199820028757904 0.6159920045858084 0.9502590373104033 0.9972439146009803 0.07042907860274983 0.8995212532838566 0.015074329569182865 0.942015397127126 0.055885060735962555 0.5887965657212463 0.22495908265275533 0.6419861875464037 0.6345000964299269 0.323527076478094 0.3433727171516987 0.6339910143531995
0.8944683097668723 0.3896012639393809 0.028391159391221943 0.0017322995668903607 0.5648225801277327 0.3492163693073588 0.22407578830507924 0.3675858477977727 0.4852984454950058 0.131154947995058 0.08475569176620512 0.7858540831832728 0.9331280043948906 0.364041151380468 0.7526140810955705 0.6320588875142471 0.4519810911605814 0.5089223863100858 0.18498974638680932 0.8033102662637119 0.7795131125544875 0.8259150606582943 0.7743850929627556 0.14280127814370802 0.14812104428571338
0.568571511519982 0.9100379224910116 0.7104499483743933 0.5023561757799833 0.8267626323918424 0.34812131633911436 0.026284257509755604 0.20977147048018585 0.9906692189142412 0.8139580646021097 0.5239970916066851 0.7422657593247985 0.48902324543376463 0.9969949518212661 0.24940434742560913 0.08429198537053706 0.031278491039584244 0.016304270191646486 0.138960265916658 0.591688373949395 0.7821262408834392 0.4693306948710996 0.2857062321146685 0.257816968205253 0.5159785907495126
0.022649348418773196 0.49531264698206157 0.12877057329711705 0.42718802137995837 0.6791640434560616 0.7457884803612248 0.9058436162223542 0.07771195870076553 0.8318203779788133 0.8368313803626981 0.27522130262782285 0.033834181363202265 0.1375484173925664 0.22605708127602075 0.2698566106203275 0.33908770800406995 0.2997331042048298 0.2616972043056969 0.3583294204109383 0.2760013142405717 0.6316651100124707 0.8240629507661642 0.41340419092644387 0.8902811449782573 0.40352320204712966
0.45738268157868645 0.9828473437281686 0.059427409313768 0.1705113578694608 0.7078535301607205 0.015054511539809745 0.8616066104236813 0.3448826057727489 0.5864857863583016 0.6766341449998744 0.8885535421400482 0.7717332383075395 0.29161003128035323 0.718460415485917 0.18703339688175524 0.8086378664905985 0.587856264402841 0.8449039982610209 0.8088661561059327 0.12769861420108564 0.23883372678154313 0.6801672981692952 0.8137453910017234 0.9135754079126267 0.7397762816041916
0.3239506707065717 0.7710331645059778 0.448309599399595 0.02380992587114117 0.29073568222726276 0.36595850945900477 0.8281823175821061 0.2403698086390711 0.6024323572974006 0.009939958722609221 0.516469737936308 0.632502854861567 0.35378240907123315 0.08985568301436986 0.41414173453186354 0.5001535066901529 0.48716530031869365 0.08635516380671371 0.5259699869662824 0.7409273030835191 0.9111204322074362 0.6800714851525268 0.919433872492261 0.653042894026482 0.9001220750744218
0.3959130652901298 0.316220627936613 0.4926716748267861 0.4643601173157892 0.17176924724415854 0.5002988360018351 0.01113115742033799 0.0775595926516669 0.9184867688211233 0.475958299145504 0.6715172989450083 0.6898387830520929 0.5034939205960118 0.19745403133988215 0.8739833585717162 0.8260126435795094 0.9942534395790371 0.4010385868944444 0.23354446276523166 0.5037598105280765 0.8310975381481611 0.18749358802751193 0.4292233820122423 0.47527111008031775 0.28380615856926017
Radious = 
[2.414162940181309, 1.7391918503521846, 1.9415620286958568, 2.0457363000793793, 1.9265793833855474, 1.5954028136117435, 1.676742746707942, 1.8898115899105936, 1.8167940066565553, 1.6820173258640783, 2.0122858652734714, 1.7799894534575833, 2.3468154592378005, 2.081698094159176, 2.148802249240715, 2.3714209710852003, 2.0642347908841443, 1.8957476263843909, 2.1802348552221993, 2.1147129000434455, 1.7397763588327781, 1.930531666387338, 2.1469427717284977, 2.1300554740243776, 1.7663785565091175] 
Solution = 
[0.5858265943699533, 0.6659381418802948, 0.7272355375248446, 0.9196308205295138, 0.5481308163239091, 0.9247969958093177, 0.14040439854782494, 0.07793545995502904, 0.6362578229580067, 0.8010559123120127, 0.9301948687254684, 0.5961355117359541, 0.6501407486322764, 0.14857298841696376, 0.347835979606101, 0.39377789102150895, 0.1164290737203878, 0.6060921472234835, 0.7458003210471926, 0.6099232040436035, 0.225231549062891, 0.5217815423369478, 0.490895669970113, 0.2913487266140219, 0.1861701441893976]