Dimension = 
25 
Points = 
0.7387551677506401 0.7041788745243229 0.8186797411703778 0.8666532716601344 0.320492947356928 0.013334769929796653 0.9242861632324935 0.7279449963102593 0.5327701824717939 0.23456280241781624 0.07007807197506777 0.6781871048515321 0.8180028821182193 0.7989740038026187 0.722780098915451 0.8644890241286354 0.2949308283413099 0.696762993508058 0.58500064774736 0.30188812598405357 0.6571467079577197 0.48536213254982674 0.1803097145706517 0.7693588335888495 0.16911170792623953
0.6524018157547852 0.9960931515761109 0.8836768769782113 0.9171644757256074 0.26993750106972403 0.7333807317686625 0.9935378357385328 0.6712151717721994 0.03326625465886501 0.8917440407948725 0.6756934941266651 0.5946677124570656 0.9255052240823106 0.20532197827242704 0.7039491909002695 0.46516710256491134 0.6636701817856351 0.11519690140616445 0.3806526979922108 0.3122941055713929 0.505484451058045 0.30439108283293537 0.38979727784882867 0.708558991091439 0.9314274585437229
0.5987134831616617 0.5255794935315925 0.5099863691832777 0.5464299514632457 0.14081471038203852 0.12649254052300907 0.11377152944046243 0.36834768040625254 0.7854985893365444 0.568707975311966 0.10124443449137832 0.514430606300221 0.2852959894234407 0.2689702520310483 0.7887162100354668 0.1109421602283499 0.09797064562850644 0.08742781185392046 0.6819672247286156 0.6299417169054174 0.057013657615402114 0.3846167081494698 0.8325881368384594 0.9561340149808131 0.4002757526041667
0.33115999656000095 0.9124422353757871 0.8961369951486783 0.7491877980993062 0.4634326281632293 0.3644430396247872 0.7824033908937681 0.9387229646247881 0.6154576068586228 0.5317283769733088 0.27309575454219104 0.43568777256073454 0.6235010311463502 0.39796778863375726 0.453855466874876 0.5318742289338846 0.24287557264796256 0.6299462144073589 0.5263534124344174 0.9281411019876998 0.37564086927936147 0.9421741496591981 0.03503165970035349 0.5238093307092874 0.11362165549139935
0.5595274956533914 0.0033649025371287333 0.7108460909935942 0.46361286580510197 0.7745964207325605 0.6273960333136309 0.24551710764365742 0.4713689147650023 0.868424825985196 0.6463276341312606 0.8263973641600378 0.6910065100807782 0.5758576105082645 0.007514019765600288 0.06342385028854669 0.7650470596287243 0.8741282359955412 0.6681998831754011 0.981425975498551 0.06009857479271308 0.5516065098356996 0.9018042780704385 0.4842317938146745 0.7832011832891808 0.47929202016064887
0.016480815937055193 0.6034701274319616 0.024396557720902323 0.5866611735784617 0.10762714334721668 0.48547444847481847 0.3860056652944869 0.6434901846910283 0.7321098485636706 0.048100159701386036 0.30166744427266545 0.644499433184782 0.03147819556812592 0.5244983296543034 0.9204999961421825 0.9016270201564347 0.5637303509274794 0.33247071435484854 0.24272932442000983 0.3909125453762715 0.6185139108087362 0.9130329237082059 0.5816220627470943 0.8984881101368702 0.03187082739078051
0.5524607491726863 0.4861339708943486 0.18866394757439708 0.22957778145350383 0.7145070370517458 0.195614931862778 0.29871838942800366 0.9902724082690361 0.6814878435415183 0.8923959204369416 0.17405815602850516 0.7861939649302959 0.9654079278732148 0.6601113045019412 0.9532845363024951 0.4756874933960402 0.8439442931761274 0.4104079906356578 0.42834431661603845 0.9489332928503185 0.7887973690439962 0.011436557462958352 0.9585074016846868 0.6394714660484152 0.04816147347697863
0.5952487141568936 0.05684876336893696 0.2604865217049712 0.9285518868628655 0.7237953044147504 0.6798950769569126 0.6111967816696439 0.41961894319828363 0.9218364555224862 0.548961543860707 0.5853405488203265 0.4434889441814608 0.5144497048748381 0.7941238425306555 0.7990592825965358 0.22490148936408016 0.8099570816456028 0.6785946223759628 0.3413315495328807 0.8022599864717763 0.5992029851191979 0.10732901416384288 0.1308811227112806 0.20231113721732008 0.012217512527415986
0.9449144167272501 0.665418917334403 0.7931917912658776 0.9258830803896013 0.5460576095671896 0.4639462766754452 0.681485042190856 0.4924703241767432 0.18223166850386197 0.33676135944243546 0.05622126151055695 0.656332826249543 0.630929441962232 0.8509337979591882 0.7417426952362517 0.8236982418437836 0.009825639745847603 0.9681010364374845 0.06596025824149443 0.8021088324332016 0.5095327841840186 0.6026230656400703 0.15463911408857978 0.3013879113358875 0.2272358302322054
0.2636545603889806 0.05407581682052898 0.6222006729961708 0.339850880600598 0.9538241332329902 0.031057820621246623 0.6048971210906452 0.41358185989202034 0.4186293598913897 0.8031923289079932 0.2536494851988508 0.8145338276586901 0.7080761523849536 0.09250378068276843 0.21272146960862692 0.521267658199321 0.44632495724440524 0.2985144721280417 0.9037243126805755 0.5150034410560351 0.09168595139474023 0.8166933199550777 0.7444298768475921 0.8449193753051429 0.02905063424712162
0.9892931511751378 0.05124674690573372 0.9798194128341963 0.9174966180518412 0.2992406178395388 0.37533874047891036 0.6488521609628292 0.8463847097432272 0.2898338436303899 0.9482563444569571 0.9606069862350326 0.12311952849023466 0.6726501871346819 0.9883076930859847 0.2877180329534097 0.5636185728779083 0.44571195195445523 0.8020184505422512 0.7428643095449358 0.45586937428780794 0.5020651282234375 0.1372115678122695 0.7445691114463026 0.9047270391202563 0.664551643770841
0.8498929730983901 0.605874645173164 0.48415376786385445 0.23809121512117404 0.6553234553724637 0.05474374706127527 0.03371425406430406 0.9624091240374419 0.47834538330086884 0.7471204573371233 0.23820163547016304 0.5942797009088379 0.09483538869675578 0.8619495292941056 0.5211844077812504 0.2872064229926725 0.48099910577093175 0.017650316240233388 0.7168594509150275 0.8500622472337425 0.7673885328618767 0.8922941300543737 0.020827985237887425 0.09573208854662496 0.4172425347808082
0.27057540183262085 0.6161193163801072 0.13010044980870406 0.9126614913824367 0.14319249234829046 0.7377101125669758 0.6341763556684556 0.3837617348320307 0.20974096314350232 0.6102453059657039 0.4153870985661984 0.883648426506826 0.7145127242400571 0.7486591774350894 0.0116208056060626 0.08002126394879083 0.0614201811415972 0.2710297512111448 0.17994341306986694 0.061114904080265875 0.3603950241655104 0.7393530732283395 0.5863182048948176 0.3698434117597357 0.6855317917396739
0.29202124041620525 0.42853575006624 0.10205920174612682 0.31524451855545776 0.27178864060157604 0.03757646938075099 0.19489904650674206 0.837502593134409 0.07138259036484584 0.8169599326441079 0.13542238646656857 0.9572542570158139 0.9173772866619544 0.9437135844912259 0.6332903913830905 0.8819237986769779 0.2983293235241533 0.27681159439935443 0.6900059748434684 0.9531258143416056 0.15876744579468616 0.9912055627250437 0.9631750829087663 0.2813503323079479 0.5107840320023849
0.17226948722864754 0.1620344377370212 0.26505281106347045 0.01160089615787896 0.41308755630569416 0.8910830583551547 0.9947027801176866 0.9748758216543947 0.8233196298338256 0.7852060146880295 0.1918584460541709 0.8150835578414436 0.9660886628394771 0.2922000436525617 0.861181665628318 0.28427610834266337 0.7664722866259863 0.2283171449614222 0.41577277558742054 0.059941555735253726 0.6653073468633588 0.1512751566845314 0.8098766084129723 0.04271752948849128 0.1157746590985439
0.5679010126559062 0.20333188458871454 0.3940893237059947 0.9812526586775012 0.17614481111626845 0.7282043559753758 0.1389160734548649 0.8484073554995711 0.1944619635565351 0.8716899532162492 0.776839578496293 0.5731228127794602 0.38150244306965353 0.8304567062144919 0.6542890275168317 0.7712067021628833 0.5602516356475992 0.44231827400323875 0.4081394078030455 0.37197581890379017 0.5748237548433563 0.093997884309997 0.8214741014412419 0.3489435910851626 0.5857514572833968
0.7175603758788206 0.6500522287403127 0.317311376975713 0.08316012043468546 0.6140721915189978 0.008591840766438708 0.7832151464169029 0.7704129221418108 0.7568991837658177 0.0887501241899189 0.4400549110751254 0.8600556458524903 0.9544665627996253 0.5997603822835478 0.6577130108196211 0.9470855462815594 0.2608796358915264 0.8864640822668506 0.6639544090819965 0.16226118588206928 0.6937454656504868 0.8113113709481592 0.9042224155869926 0.3274747013039956 0.6567793359168682
0.010750870822023306 0.6116565488809438 0.8233115980895579 0.6944550810486068 0.16282295957530923 0.6600677768367618 0.5864877835340264 0.7932447456184403 0.43548963593239987 0.10639871919632837 0.5128107148591244 0.24112529946913275 0.8864147444640803 0.16039035910913702 0.8446862854795707 0.6188992935514369 0.8019906779680287 0.34885576793045014 0.9353507245682642 0.8058069242425843 0.3161616941358635 0.8271339780708965 0.6072531394284438 0.05726676332704217 0.2114395522581174
0.25523651127476976 0.8654056775637946 0.7418850936647856 0.4003355866676339 0.9783786690281002 0.5807165056420648 0.5777728200763715 0.7963001624759493 0.8795449074638364 0.519913284350398 0.6188466359442851 0.9417022630076026 0.2133375351674458 0.49642491429763014 0.9064490047048037 0.44228000223749997 0.7906876247171111 0.08667386983212422 0.30441822410900776 0.4182786323352726 0.9011398686575335 0.5354036130480826 0.5232327220628131 0.8034885595758927 0.17689525632916736
0.05407006967727668 0.7103496779262811 0.43366988336276624 0.4907724734170803 0.30043766876440237 0.8935732353426997 0.1952508821107255 0.8342164963879165 0.22003800198213874 0.9351568218771037 0.899847178050262 0.13945362022506047 0.9179777585821809 0.09063030981169262 0.558283831666969 0.9543595892651707 0.21288850235996326 0.7615520297145999 0.1796045461203375 0.8429415179698647 0.9109440983918276 0.3389283420859641 0.21141857907818262 0.9286855027937136 0.9078954208432569
0.6758354282712914 0.5588118949265362 0.8827958977910336 0.7567525626967896 0.5637428046285846 0.049128911328310876 0.20970289320552693 0.22127638150741635 0.8559871828745308 0.7889071229615798 0.9257799868656285 0.4783809963764407 0.39544478052327714 0.8016100332514617 0.1939160272930639 0.29104113839858503 0.9071940812301682 0.26698027377882894 0.38693609181128885 0.9949204880527722 0.3949194619555345 0.29953302191978726 0.26273291519298614 0.29874873422205817 0.23481601398785568
0.4370488099767976 0.4505799644032574 0.03676018751751364 0.49815243787990915 0.09873045520241819 0.49698105559447936 0.9421141443931206 0.8175815576883482 0.6364461405129708 0.5423380557508354 0.9393252246766709 0.1435286548873227 0.530469743624524 0.7963914719861545 0.13469795230782733 0.12110462620968421 0.6212751234770604 0.8269869734643421 0.660854051823797 0.9286874577239368 0.13319468969825665 0.7052827237478195 0.6961888167700947 0.7852555369571508 0.3075175528411982
0.804814022822343 0.05731386604639255 0.7381875252623477 0.7845845778609754 0.5860667512991323 0.9964796423172013 0.8110497845045223 0.3237655963710443 0.9155867309597977 0.9808192078435869 0.43424233120500255 0.04245851635664888 0.8114310676123644 0.22404880018256923 0.4494875707803335 0.6971228262671896 0.022466544004512645 0.9991177733635341 0.09138859449452696 0.8951389891833577 0.09346943453092882 0.3328289407228916 0.26404412104483554 0.2310490920432986 0.5101349584034975
0.1993862507965125 0.23340189147752144 0.3092338011121023 0.6852633863358168 0.034059979015120034 0.7368900824505499 0.9798992954566288 0.6123916067712508 0.6722960549277082 0.5799902560924607 0.3502059017440372 0.16244845809079966 0.16121843829697746 0.4566509761874009 0.6521541966586264 0.8275070274375053 0.17016253960340433 0.3317072037083325 0.936952717261389 0.6317249448695216 0.8230159823312279 0.8412237357976322 0.1288572210121205 0.8867184398077939 0.5607894143257609
0.6649323329087256 0.17156758557092833 0.6751414548186526 0.5067028785644795 0.9764210878511861 0.8245618945948218 0.29349054823135146 0.025552753861724176 0.030686875303161054 0.9158549235377552 0.81356726492365 0.8510476521133896 0.07467762741395312 0.39943507931036404 0.22876829574485302 0.5351608043876436 0.8722134811837193 0.6257000526503906 0.05712665205287237 0.7710708541401674 0.27321061523032764 0.7321377124381534 0.17820567480335892 0.06190915949454123 0.4737633721908203
Radious = 
[2.2905380736940217, 2.181103911527817, 1.9343413537713154, 2.0536927793018966, 1.9302762546453793, 2.0743268597223374, 2.362824017457039, 2.0262647653581993, 2.1360353840346797, 1.8961250663236286, 2.146521576122067, 2.0478206472897162, 2.3014176643621838, 2.3405874826455415, 2.7656220887811767, 1.8433977262951948, 2.5490776392047603, 2.1085330423457926, 1.9733017396942123, 2.056945318870685, 1.7753607734073757, 2.3396052340765463, 2.3341701485857818, 1.9886056036478608, 1.6422324184000219] 
Solution = 
[0.3517219657374234, 0.005779070897430794, 0.7996983507085988, 0.9231710997685925, 0.6682948439288874, 0.21606798946450756, 0.06268534059068143, 0.1171302280942712, 0.011309428698367041, 0.5757900038703936, 0.9401004717484527, 0.5898219379817098, 0.005206777099868609, 0.041113234538943, 0.7014030104485082, 0.5199032160375054, 0.41331931848594083, 0.3135905136584376, 0.4558995149739221, 0.967249377332013, 0.8228580443333627, 0.6860650871449797, 0.42465862066558757, 0.7148488352400767, 0.4337146237227628]