Dimension = 
25 
Points = 
0.4095768534677826 0.042765481545662065 0.2115894978522571 0.744552133100885 0.5666050255512398 0.5685003977717374 0.9635184107552188 0.6985969587532563 0.5517428569713962 0.876866871276446 0.8538524361036415 0.8700868583273582 0.1645281475202912 0.38954199579809445 0.10525227913998147 0.5512139729267811 0.8484751750551388 0.357592067331157 0.16163180221188989 0.606752793262779 0.9718292919462354 0.45712017559836204 0.5925399277569051 0.18249873057862265 0.1904322361870895
0.46828288708833365 0.38076607286747477 0.9497856104016729 0.4790701415499349 0.7318285608535586 0.6687071662046199 0.6074489595852228 0.9098281713897765 0.9206018920082435 0.35996482116480155 0.9403610467193737 0.363414427513139 0.5753516200269501 0.1594410803829377 0.8912274903965043 0.5728046696568154 0.2549880211402541 0.3712720944054101 0.5057826304871046 0.7437865199084785 0.8227562684997233 0.9293731356483544 0.4049191957953836 0.05472481209885571 0.05527886584552111
0.928672644860822 0.19570456167855865 0.9215143535845446 0.10156324924881854 0.36625858666972544 0.6514821183656209 0.2703055253444788 0.4785622380697129 0.33290249289274354 0.3692939505145669 0.08843570354931907 0.44102434547474045 0.4401617307699963 0.13977601975698128 0.610771263804177 0.48760901729182704 0.3266196081987598 0.8156429685099945 0.2935637282012995 0.8292080278477976 0.2362568817307047 0.7874919353569382 0.4560081994127283 0.8317649756632985 0.15048570278693896
0.8620815579169463 0.34621534525092 0.6427241863458101 0.32713697128489394 0.8729123341906438 0.13553647045626238 0.3374797137326978 0.1439875562804035 0.3386021758410187 0.011507312650397838 0.7928341023444637 0.13001606377561858 0.12912073159783244 0.8736896875341292 0.25814649246725396 0.9622595739095408 0.09804222502575943 0.2828658949262812 0.8867838991471831 0.7267088008255419 0.8498680916481282 0.13690786455746196 0.7355080669128382 0.5308637240944002 0.46453170206002614
0.1582941931382137 0.8721464198447215 0.9401199821049114 0.9360314831911458 0.5322652918916464 0.22985469311817663 0.818522931922292 0.7476039295118063 0.2868723566976342 0.6868409592998809 0.1634938029145342 0.07003261189343057 0.6253767109547772 0.18068144297574118 0.5360491741787642 0.2738952590375321 0.5165776383725101 0.126486816843563 0.342647108120287 0.9455056334764614 0.1120259249074026 0.4456110275519235 0.40736234953521366 0.9720303142351282 0.22105098496826903
0.6678127593765812 0.6751189194877026 0.866350652489673 0.4172850770608013 0.49358391864283224 0.1815776519816834 0.12284557399852469 0.20109160455827302 0.10792392663198636 0.9731188813260544 0.06151059385376456 0.7474635543365601 0.7570303018091497 0.38636843303798907 0.956605545736608 0.6942946369189588 0.6831903496431044 0.9371079001705052 0.7483555617830504 0.1708054704639399 0.9000105078432644 0.4515115627509375 0.2973391578936211 0.04976228002014327 0.5303737518385929
0.17582732190703176 0.27848882986167 0.9075229783202741 0.726645510054452 0.6058655674167011 0.6743822174309005 0.9841501581940807 0.4862063625565155 0.9891249201134598 0.7904753765957232 0.586687310549848 0.21055066911807385 0.8664328073792114 0.8064941110747688 0.4323734790661461 0.862418981133188 0.14114853178060816 0.555233455733441 0.23396384841206652 0.433296085397995 0.8479630638182318 0.6244554941178279 0.0026169270489294627 0.14129096732385005 0.3085004732367207
0.16565628975866176 0.33444013320144894 0.339116939742254 0.08686161533158165 0.16802065739339234 0.7691213530429177 0.9709245915286437 0.4382057733846598 0.3144882673955921 0.69153834318896 0.970540100481919 0.3220592676546642 0.9646100009083479 0.7778037948362652 0.18650573527950287 0.012427013773686602 0.6871678674052477 0.15161897704474347 0.7368124751973236 0.23520736133224518 0.9044932170739868 0.6987604463763862 0.10129622228027169 0.882727533180069 0.029030504080336805
0.4386405667759239 0.9906038100808161 0.41737125196132563 0.8848378646913635 0.7557411352796805 0.7862900537174736 0.22534027837100412 0.14648434847023928 0.6200701855581444 0.6843162542232178 0.13040555132446752 0.7027753033306801 0.9718498272696247 0.266497691478195 0.061774403369881936 0.28083474487695903 0.19040872064221992 0.601501820219133 0.7795049015359601 0.9609814520710004 0.3043528467914943 0.7831061851418853 0.1910540130832401 0.8992519740265003 0.7450149901178678
0.889973222479224 0.46578836117472533 0.09929786076380487 0.2090463593363482 0.09383460316127235 0.5820992750237893 0.3315728545961407 0.12113784097951807 0.909059718593683 0.5142033947125549 0.8354118795835859 0.19880782784886553 0.7440390927006513 0.5803359672982029 0.615979372151759 0.07685369770085793 0.19622963218725153 0.33513237879258817 0.45179429559612905 0.4529700920108797 0.18389892063733004 0.19791835034969507 0.9347557016150284 0.8387181398583994 0.8909405854512715
0.14571804379051856 0.9043804377850587 0.42826729201765557 0.9438703573701848 0.8474530827686158 0.6157690234433512 0.05964253444230294 0.5019543549670873 0.29590012578753955 0.10222399741877819 0.5252229472897172 0.7338374315148001 0.705516242491182 0.8972985419742179 0.8409190625163813 0.17036417238217427 0.13442679019095283 0.5812561171663422 0.04606384551819165 0.3777839555298437 0.9669378939840197 0.6020545115843572 0.8500571088999466 0.7502705256667278 0.23578466753134697
0.19148080741637585 0.6476992635898757 0.41757633338658706 0.0560825746514676 0.4444721637407003 0.9942410384277107 0.26756832957101817 0.11408796562441759 0.8091917757663233 0.07197742539162244 0.7735583183564654 0.9700683575911278 0.34240285158438444 0.17281249428709222 0.7856601215471494 0.45910916735799456 0.39043949313117277 0.6761597242474598 0.5730749686323642 0.3510945140275169 0.16538151295424663 0.7974750666443937 0.3081171241800028 0.2461130721555056 0.8144496240805763
0.5085530197595962 0.38028225120085846 0.7151387725683993 0.9079451232887485 0.8014878091942162 0.45334218472383203 0.4770022746962024 0.5557183560034006 0.611482024957497 0.5305972621782796 0.3258468071188928 0.7051405239684987 0.8374500922290559 0.35982761120649065 0.4885242882078016 0.2615360452665033 0.6959337903971407 0.14232977722198903 0.3931488138216902 0.8857409056852533 0.5004730391436896 0.2850690914049778 0.5412214589367762 0.11814120126905048 0.06981379277970967
0.4944849307895338 0.348127780306999 0.3087486714527924 0.041185337558963475 0.7986139167324858 0.7830931729731228 0.14803376477101104 0.2314235992825603 0.5046937453591819 0.04025912110452268 0.8030663448081621 0.9128479444175609 0.023724228624295907 0.30978981065970035 0.9576214201084634 0.1420245222032781 0.674986229093984 0.6561333171556767 0.923663307581149 0.3431085415374181 0.9391574957799629 0.3003593325948858 0.18056906186243593 0.567250235254782 0.8168714363155998
0.24213491340837956 0.927839080109682 0.853389982871476 0.028700318181861695 0.8886794281546148 0.9176860480972485 0.2887081749826378 0.3532929050869471 0.5414753925941014 0.46150565630251983 0.7033565555805409 0.7628457538027902 0.1372204167323967 0.5507537842263402 0.9182074706612363 0.5663238081575531 0.9771538183275691 0.37811246459778536 0.680530625941226 0.73725983548141 0.05369640828116673 0.12256968431070092 0.45294998394842967 0.09749637317337057 0.18425255014641762
0.678815753065879 0.9525733705791166 0.38063573692403185 0.6211108893855537 0.09272141430006797 0.4671806980856592 0.42336726685471093 0.6803237905180232 0.44465036495036425 0.22824895439842918 0.7976806630783567 0.7506355215065518 0.5363490648803623 0.5548544425675381 0.1671983967409062 0.1105739031327031 0.780255967564653 0.04773730257466624 0.8970389540747302 0.9136557415393293 0.5937411700955645 0.19735124855527675 0.4121100718733267 0.8846523167337146 0.8272757212102487
0.4018184690790634 0.04209096410311253 0.8582626888547836 0.724345000839943 0.9485448305055291 0.1397221713678345 0.38837672646851684 0.2964496706864932 0.8290914659207619 0.645704468075678 0.3749819462060491 0.22601953935532415 0.1690085908091049 0.7237306177946333 0.08284052992644231 0.9741114559987111 0.5553855563498105 0.47695012282595606 0.7880226395648032 0.09470208456834639 0.8294133309017793 0.6602453427876244 0.2999137161764559 0.862024038539225 0.6186219526652406
0.06711497026555213 0.668246640667117 0.6478997296371624 0.5299390860469009 0.7383606709604881 0.31529766384908775 0.06811233425497687 0.4677680678435078 0.9605545479863923 0.6598274918597521 0.009749925180352226 0.4745648152995814 0.382363315304174 0.8668323947200609 0.6192390639767581 0.7873018680218912 0.581790699519987 0.40321923413383576 0.8299137000518609 0.5281599441082092 0.3379379504045007 0.3088301168029274 0.759908116461299 0.6977326737496572 0.3988631636451022
0.6879599298780208 0.46332038792050767 0.3125935733549031 0.5974652167600484 0.688034949981347 0.5291896992414059 0.9446086806769756 0.4392536523295145 0.8338429423340182 0.39541704753870577 0.47604486243826527 0.038405052832857 0.7924391702290972 0.192036784167136 0.6126687216008148 0.8090319026809674 0.3478875015843318 0.3443235678752541 0.3915174955982209 0.9811871976693433 0.15106959653015484 0.963136191931272 0.9493744525151416 0.7849953148824728 0.6356157244949049
0.5640738689547339 0.5565639584068042 0.32382657033700646 0.7347902088978885 0.8292367936837485 0.2180063200122233 0.35095537280686295 0.2896939102808226 0.9543386642248053 0.13507679646966053 0.9394579362182606 0.16770615882857576 0.5935200660529978 0.22365088738745675 0.6666013858558534 0.10113991984885629 0.9550164850774588 0.3802020995295389 0.39862597798645805 0.9866930244471537 0.8129513386177536 0.5694206714806644 0.27560662517294354 0.0489032902518749 0.8352346154686933
0.4225712965127303 0.42077072089766065 0.1152299185100939 0.7882895519691471 0.8911663327770796 0.16719267245310954 0.38024263196438945 0.36466919213969207 0.5771769372328354 0.32844166217340387 0.8575389091693809 0.985456371480933 0.3016737787257704 0.8886678290282679 0.6941501645382556 0.7581642442824224 0.3905486629514574 0.30035739101379166 0.8098944872998592 0.15788876292221588 0.03123586302478565 0.07929103821499461 0.7261517673148501 0.05056435105936263 0.32703386074291385
0.13062796126720466 0.46451880739257057 0.12389743197500169 0.03773592255947478 0.3382356075620274 0.6970120816192223 0.4174998975250792 0.1938979090963443 0.33713839192662165 0.9671723528789584 0.6760189777268313 0.14473531157087216 0.186159289932182 0.5923833273813568 0.4170742215960366 0.5344765970646178 0.004832062032204321 0.5858917119775789 0.14210177844100658 0.16805540740687053 0.05871944435542742 0.14825509621585764 0.9238891378682114 0.026368517665238844 0.5214305395492908
0.7803225227416837 0.34857627760182897 0.04410428798082888 0.7965589570427387 0.196156662044906 0.20763820509473419 0.5000414748947102 0.4906949081047297 0.46797968827789527 0.17614405204376937 0.434587242984221 0.421977271674714 0.09244529348148867 0.5318721113548631 0.27622887839352894 0.8741416635176812 0.6683016727486071 0.13430989912498836 0.5676783772389112 0.26287040243694637 0.9820503458911034 0.22322451132851984 0.9760818900651156 0.25437447283679426 0.4573268385879109
0.7260696866784698 0.8659610894443892 0.6638265264302381 0.08298602603763106 0.06757293960861976 0.5193207561811752 0.16765047036408576 0.02270804142212146 0.026297036424590803 0.8188689468743678 0.7221300416468164 0.5339989816608463 0.273512828985387 0.615371258703353 0.861459432753415 0.49577644249675157 0.4485294464455356 0.8428280027199027 0.08124454621527433 0.6005802147385402 0.6924433441946459 0.4827640317142835 0.21442750968893465 0.7119047306355929 0.9606147414150348
0.5055342406043533 0.5149468303737765 0.8067781020280943 0.47117658286141073 0.8786284603773816 0.6486694289317748 0.9920446890583783 0.7573055734836034 0.8588212214704016 0.9587258816857923 0.5001421373346551 0.4061377000695644 0.754936377921837 0.5511196771391276 0.1592508287999418 0.6329152081955348 0.9410543902026626 0.9707891572526813 0.20911545714313584 0.18217437919130663 0.28279108437769007 0.06132816476687353 0.501559881037597 0.8261789852474917 0.13170946380779913
Radious = 
[2.126935092508766, 2.574439767937733, 2.1232709672472594, 2.170717624579751, 2.0354816108988745, 2.5261219499305048, 2.452404323383085, 2.589652643246758, 2.072028432378638, 2.583174818930291, 2.253433660344292, 2.4355910787573425, 2.1151276001599766, 2.3971265796442562, 2.294992512834745, 2.0099304645619545, 2.1952289585529003, 2.13941092434515, 2.0231949365078936, 2.22893938693081, 2.365850971544092, 2.5788485981628035, 2.0590244127375787, 2.199518223577974, 2.1377980127178238] 
Solution = 
[0.7281374127154939, 0.9910039568254848, 0.026381484467161598, 0.6071177882456296, 0.9943482074003505, 0.4514387912552159, 0.8343399225841185, 0.5950956711549434, 0.1310185721831455, 0.09554483055684848, 0.022185080471594065, 0.5248479363362519, 0.07754590475079248, 0.7237700599431186, 0.0962179028424367, 0.8998091256789018, 0.9130717537276563, 0.5351695568283581, 0.021435587159737146, 0.9749496557522424, 0.44430212001594127, 0.5153826682476984, 0.10904461815595856, 0.9025587845923613, 0.6169135442236346]