Dimension = 
25 
Points = 
0.892924175494385 0.20036114008326522 0.7065365516794285 0.3823209470890192 0.9159256587415859 0.8094307845261431 0.6338568888619364 0.7845171661230679 0.5987890877026504 0.16805961490823074 0.8812373786797791 0.5255597950738694 0.48934168527922695 0.2334092713968824 0.3345271520664457 0.1822395482413055 0.6583542808961899 0.9417683207266938 0.5909062023748994 0.480948765839857 0.3240819210371523 0.30030673870276525 0.22142787893521798 0.26448464041211883 0.45118506137833125
0.397044074336948 0.4119450389480296 0.3619758288550421 0.21416507282181074 0.22834351763580796 0.4748304964106992 0.18675551547364233 0.16445836820108828 0.5330819436685194 0.03091316231300545 0.17587179059194424 0.5755411079947933 0.027058912234580013 0.5245004860862665 0.2981850843292003 0.21604187589826185 0.5492598026265718 0.13816161031229757 0.9165929607457681 0.6212310387443574 0.026066024394055587 0.8369031839667852 0.23147154912039047 0.14524580839130208 0.8630417680480879
0.7574679536044288 0.5753911792595463 0.2897909133774603 0.794913349844794 0.6948665213863577 0.6544719009609259 0.8758790712068406 0.5826575577814276 0.351409219040143 0.28987466977090093 0.21385100321366202 0.823154995100367 0.3902737196845696 0.3834594793646452 0.43832899520899593 0.5953897055129435 0.6422549108233088 0.5851702234499406 0.7093482087762202 0.4790735830458719 0.18587804568845778 0.14298447936519876 0.9762494708360406 0.8455633529291232 0.846992781910608
0.8039382683043199 0.8027442459097548 0.07771542874770432 0.31169811420722116 0.2173698661683925 0.25894782696106133 0.1926213303035489 0.05530774334456101 0.8862145842644401 0.5460811014139414 0.8211010253697846 0.3967572456280495 0.36784314067357704 0.40423999868975 0.5127136881369463 0.6324695442466849 0.6366598401111306 0.7056427100005633 0.2085131865577754 0.6761857605453712 0.8342076807697495 0.2512860067407142 0.8542570793493117 0.36961256748532034 0.14444164232405987
0.6630171239021267 0.49440032027057446 0.4580675522764073 0.7845647070955308 0.360710817555165 0.32798991470958117 0.4812457867641543 0.7191352416756382 0.35528829107104665 0.7433505957397663 0.42855219309967296 0.13309565945702062 0.5212557974869483 0.7989307761595879 0.7063468402724119 0.44462848390200693 0.26401215025205416 0.41319039135229196 0.004983521125132562 0.2990997333111406 0.8594261525363334 0.6909840311199575 0.8036018792513445 0.6453863003626316 0.06539403245917264
0.373381123556758 0.11192416485685452 0.3280401382971133 0.9645773806244928 0.4853475295399231 0.9150487457149129 0.9831084502785571 0.9478798144366637 0.5126061376001537 0.8537586255784885 0.4184773217408807 0.9891549515459209 0.5479165191104461 0.07181313664539324 0.2685047726171028 0.26860404639970925 0.8918148781498222 0.3895479854034136 0.7894223044780837 0.5483845278505852 0.8478059235138392 0.5576232608414515 0.29473486680127814 0.4630255547241028 0.15986899376740948
0.447917793460719 0.9680654763631232 0.49842880369215525 0.047662890739293196 0.6300874529757863 0.7885712560368194 0.11381537190909319 0.5866483688426078 0.4998896969619381 0.8270813547696686 0.3731975651547611 0.4707272000002175 0.816319658313605 0.4711986644493279 0.5170623213910325 0.057578972584517274 0.17294020270616905 0.5046069092563383 0.81874697192539 0.8528201062807251 0.3146770444298225 0.4924225186689172 0.5474736273436943 0.23083987242236914 0.9597971634682602
0.9607432604077307 0.4353737603216965 0.062092668151069286 0.12530347809772147 0.954426122505738 0.5732282675524466 0.28347625695914724 0.5600194930288284 0.8955161952649282 0.8310494058185276 0.8962604819695402 0.3596532326718658 0.8378211407192802 0.35580974563332857 0.1486979627560081 0.8179202904061113 0.18252096803396967 0.5723959299784592 0.9878657093231671 0.7344941863793188 0.8908167263354093 0.8677595962784879 0.8288000610881535 0.4385929179964755 0.8143784902639362
0.8533418303800768 0.515384974954498 0.41659650515906654 0.01759941819220512 0.6139556554017022 0.6805104356804326 0.9072694604766047 0.07329303338635995 0.0171887068020663 0.9126372639190863 0.3427843972809841 0.5740651595931446 0.599519744776825 0.6988771591355207 0.6639361903709478 0.14040997807854938 0.8016819680899153 0.8670081846305449 0.7510208720724776 0.2757119612604789 0.8243822099208192 0.6431975632373329 0.4066980216139062 0.22637334344921356 0.42948749358627625
0.1973739805162854 0.12001577268112174 0.4435168354099711 0.1433122201636552 0.13128002264494143 0.4223342320379663 0.8268253477675903 0.8684491747320836 0.7220705160870912 0.051180739186943325 0.04225077916234754 0.7810729721752798 0.26936287840402007 0.1098952503537769 0.03724036800681241 0.4311918576228745 0.410206370688027 0.5753950055315884 0.6814435602786378 0.4223241357710398 0.9839661381460384 0.5698172676527058 0.8051359256796353 0.18682451361825103 0.5553053343589388
0.3537406276677262 0.5762227811628914 0.6616596136558159 0.8540048126199227 0.1351678425960724 0.4601552028176473 0.49628095083961166 0.820528327140711 0.41805840095432834 0.9899699719452539 0.7256281049572041 0.33582048420929733 0.15375825022574718 0.24350007588720013 0.5054886360974657 0.058843780452506156 0.939269274340348 0.9284791541966457 0.8116090043641402 0.4902950585135919 0.09713315330807126 0.44291651496517637 0.7097147637892166 0.9392027153662593 0.7498665712138062
0.07707026069078593 0.6353431129089913 0.026990953104852333 0.48091932046731145 0.6874807900877753 0.7060906162014837 0.5663410891265189 0.589856228363706 0.1427449185063524 0.3289298269355091 0.4878278742403531 0.25021143846510674 0.9392100111642764 0.1592992208740862 0.36059715768061607 0.21429955624405805 0.7660999556505832 0.3850091898769138 0.93803826903982 0.3081260304607204 0.20414076305521411 0.1694261824273645 0.7779772047948501 0.8976371673328654 0.33862694585366837
0.10209949185679956 0.1072141138619006 0.1274931146754833 0.010345986645449168 0.2804933325141893 0.04962041354794444 0.3644813296264029 0.09121494742554415 0.7723390897921051 0.9789709767838756 0.08905582640286425 0.2467894048159056 0.9869993029401859 0.6584412841004673 0.07189856104271297 0.44704327933961296 0.18973882117222318 0.4249880139985338 0.5324893223971326 0.5765888730506177 0.07875189910486735 0.6391350638739995 0.08374249126053368 0.7969555701646809 0.5776771210398021
0.41616644731292685 0.043735605906789043 0.25959492032812914 0.2963110353867201 0.6494177556899983 0.4314622717421718 0.8301546447620628 0.2434919954351369 0.6828800647831716 0.7414466208802698 0.21127707485338043 0.5887696601624228 0.9861501772906565 0.875438240140729 0.981127586662987 0.7902577913409108 0.5072051635071141 0.5924495942908712 0.371500484888882 0.15822727079885135 0.017258495218308245 0.5045332435043905 0.8357370218796927 0.3536527189956066 0.8910469095600746
0.8027363040805313 0.08507508398724095 0.2757042182293248 0.011559083633035927 0.8639606419102225 0.5942176237452116 0.1923268021179676 0.5145301416024755 0.26932219990711503 0.21882408049268387 0.6661698795684879 0.3653534692989675 0.32715211808423417 0.33374213146229803 0.9461660104106486 0.9592711371878443 0.6615872245552606 0.0213351063449998 0.3534053239715722 0.3766223708979899 0.0034890576409061236 0.48208910970164487 0.8398191652794749 0.19924139509681738 0.4931234923969726
0.34787428248124297 0.8350049082936156 0.5338815870998165 0.7905562424100501 0.7480111976287703 0.8264363899159621 0.5617059256032786 0.8217399063829008 0.3720503867468541 0.07983724624891886 0.32209344534991036 0.8218930498849295 0.34041139935134446 0.5018655721356149 0.94518624190615 0.8398539555585982 0.5917945202818611 0.2178939591646767 0.8170831477636492 0.9576216206723123 0.18894128390866838 0.8626136472697102 0.1413179025153356 0.7214503608241747 0.06003742869201756
0.5482406396866306 0.17060205663710104 0.5816968015501162 0.6007618630222763 0.06839201288353647 0.4264617579453096 0.5401328251492965 0.7708088828444791 0.4693199413655833 0.06481387222128276 0.08069203548490311 0.5053481032084722 0.9946899561664334 0.952285795591853 0.4562520421079451 0.34215243042686116 0.2878885329752894 0.7875590052413537 0.9978551781640302 0.01689036600250271 0.09627413938652396 0.5871284012250915 0.334180660426324 0.02566708840605203 0.6411583967422687
0.9888970237904752 0.8071368028062689 0.024405874991153986 0.13541672840568741 0.8789546527236909 0.19246662040454832 0.9031722333525782 0.6367601794961475 0.06645445757159407 0.09502083058204147 0.19416179533768851 0.2268236564148901 0.3777249399534345 0.2671918284323622 0.7058402281315596 0.9968368649077006 0.16293801064920954 0.9031546335156567 0.9981387213822488 0.9961915899246895 0.36640187177064987 0.7679359308091113 0.8309251693709016 0.8218073156861136 0.7494366230793942
0.8936884285634168 0.4872840768186152 0.19194978550498543 0.2821835566532578 0.4081294988793751 0.6427133516517866 0.4033690996501236 0.6008032533241837 0.5062677333400337 0.2903109244558526 0.9923562172349526 0.7607922601620114 0.30870362173057453 0.6974985288301024 0.30493155786059045 0.039366615091702584 0.6100504290932932 0.7128195816869385 0.4732288025036602 0.5714194985625981 0.005606321709894391 0.681228126798549 0.36057540294177814 0.8447123772324332 0.9580657479334135
0.7500571974524376 0.5151090598524466 0.990570331061363 0.6889007654302305 0.5735404789048124 0.027784780253042873 0.33561448020408424 0.9861887714886601 0.40770206601007786 0.31432306377428665 0.9942777628353828 0.16056238664782063 0.18290552250799408 0.2316516946097884 0.31267654053450733 0.6627981308590984 0.7958180308607159 0.5249234267216906 0.5065552623295925 0.6422196343931047 0.1632567523316144 0.4790476836675762 0.3402433653442025 0.6200121782876447 0.1199820312617551
0.5657279736729655 0.9526745276946228 0.9514382605452509 0.7979558548514253 0.8228107926495054 0.3472676225598589 0.5637788701332439 0.23584246946503207 0.6739889810118885 0.647657253718643 0.6933182754952694 0.2170071815494582 0.772417007161249 0.26607626944341034 0.9383432474978576 0.1378092586794759 0.3615293381365273 0.3545424702901179 0.3071239479598059 0.39539805940033323 0.11580053990317729 0.33242430280140856 0.31269135787360536 0.9533987666059166 0.5473240507138641
0.8171561564561927 0.6664835034100921 0.03276818045405816 0.3931975978873 0.26272844040026444 0.4668734046512564 0.42872776897696574 0.07697435829654176 0.7421845899852835 0.5073489524131506 0.17070804535939754 0.9708935762590573 0.2961703855253135 0.3466214226866401 0.2664970534316161 0.2973383644860429 0.06530803327672241 0.9785034379992017 0.5952698957371245 0.8958964349897742 0.3110281028397761 0.2512134239202749 0.9004176325983452 0.7456339320093451 0.9338946568232878
0.7819965997585386 0.6169763453091335 0.9004654164522193 0.09424118564120776 0.9581176939260463 0.7214214418560883 0.5589654654408936 0.6835693548121348 0.9543353535978393 0.7687277395569064 0.10870630790103597 0.8202884740134931 0.1473898630069551 0.561002221077139 0.44475875251066876 0.6963011849329295 0.5487880665874802 0.1752312476470157 0.6927176765726247 0.7331238150722983 0.9621568276250801 0.3262505836260221 0.9811104602702606 0.9623090496125382 0.3544170195778841
0.7308824776017805 0.48551486630373797 0.9203670666162401 0.059602741755846456 0.49989060142758457 0.15838728354827358 0.5150903474816122 0.901442579814389 0.2613146212561265 0.5729017733448813 0.48730731248699644 0.09300242735994468 0.670279021677231 0.4185960875611098 0.6757602581077772 0.7135667090804102 0.7664376261956564 0.2354852528436594 0.8787785961158213 0.6529884829662683 0.13147818902425734 0.18191820419276117 0.4593050696884782 0.6748253304096753 0.3630866329184017
0.31662390509066496 0.4681947622829685 0.2692060156704791 0.7570898506429385 0.007694587925473395 0.6228093402509868 0.03622464104475542 0.8223416171684041 0.23482432529808028 0.5995056014795814 0.9630700759744263 0.6092350070139008 0.6213875609358527 0.5567193205435501 0.41914869798406695 0.08615836470664151 0.7969513779237232 0.15050433716440936 0.7677730002521497 0.4779016204946216 0.8869593413668049 0.5724609331068692 0.7397447249090574 0.9061020429512792 0.9793307686956474
Radious = 
[1.8080594634292138, 1.4704121602889162, 2.1440669471572655, 2.091590399297545, 1.8731883966481113, 1.9110501443882673, 1.8472824095461453, 2.1752032031984734, 1.954980745126902, 1.8329838301261256, 2.1724249828677573, 1.8756030227814688, 2.0351306237883993, 1.8267389598387174, 1.6880481431988248, 1.9219873757181873, 1.6164193999477605, 2.6573800660670717, 1.8843876536890187, 2.115491464626169, 2.158322172135839, 2.407002862006009, 2.176104730752909, 1.9543326172354727, 1.8738987293198957] 
Solution = 
[0.24736033055366768, 0.11547376719710822, 0.32271498380038743, 0.25838348501050024, 0.4863140480437399, 0.7635001688709852, 0.11051884979948523, 0.6891936438686022, 0.873449736207562, 0.24444204953359217, 0.33337604696717427, 0.4670877944581868, 0.5691825198733338, 0.7064532105277556, 0.7218414982259771, 0.10669501885953758, 0.8359537307665709, 0.06475817394317696, 0.6876882230308182, 0.07786311001433344, 0.3820434905240849, 0.9182111286022029, 0.399039404820416, 0.07890745305761904, 0.31552226673470707]