Dimension = 
25 
Points = 
0.4729752937491767 0.47378302979930376 0.4888140646223229 0.8259157908338877 0.7164230544384343 0.007745217672304405 0.38557306033931815 0.22937501933908322 0.7971466658930579 0.9456371214082852 0.17375919746502322 0.00773750152844388 0.6928070976732241 0.5992250519199835 0.7628667723242991 0.1584164049473028 0.38805901030955126 0.44999267032570445 0.9894546350828343 0.43698732828837483 0.21134598046340836 0.057928836798468275 0.19567450192287628 0.7342028163047484 0.9995609944719874
0.41400081743726236 0.3728006557668938 0.6677897901239754 0.2440401763048755 0.9167774092805498 0.427089295665249 0.11943022156636962 0.19076007384910953 0.027572010269906855 0.5031106585129214 0.5169101783729244 0.4715135022451782 0.846734968235867 0.9820167729010043 0.9727026235748378 0.15943091509622276 0.6626922737972086 0.2956883238607526 0.7512315173724565 0.257736781723647 0.8273659209686334 0.5757839994841035 0.2720624889987028 0.6764851648418744 0.38401183699045094
0.6729332349424362 0.40422566546358096 0.2934822659903549 0.703787065270616 0.004083785618013591 0.8151435049312036 0.2358355719760582 0.2829838279412128 0.7565050607257313 0.8661249527351392 0.06093594462968577 0.45902931611218556 0.588542301585226 0.544710134694914 0.5562281972593947 0.1150932669728495 0.6262762814207744 0.356687840552788 0.2785934342602523 0.3719591487389573 0.11811290716736611 0.5041926776337825 0.2268945444611873 0.6860603004748191 0.5362769424829852
0.7535424800536656 0.8809404274002773 0.6959786548879424 0.7065568699751348 0.6597030072107315 0.5657478516688119 0.65696098968918 0.6213747801262525 0.3950668171962196 0.5221368027802676 0.7126797123088237 0.4867159855341985 0.5817058135597128 0.06773970960113229 0.5450630147449628 0.31979455094410536 0.4022556349859018 0.9249601761974359 0.7460307171756065 0.14907889261676155 0.45289099791904075 0.1211288822748946 0.6033257753240453 0.879519812905357 0.9135022377378528
0.5022781583263395 0.6677521517081952 0.830469666854246 0.3851261457852483 0.1273429926226033 0.8487075829988531 0.9804832155722345 0.5026219375394152 0.5619763326329875 0.03532938710311173 0.8906192674901255 0.7941313194623154 0.9029781957716139 0.42292907203953123 0.12584842401261864 0.2307254516259748 0.5724204049448225 0.8766484886766623 0.7696771595457575 0.47268427111256506 0.5268513110903412 0.3013937206153591 0.9631894562413853 0.649583645296127 0.14918455419314602
0.40090537084766553 0.5530587999467871 0.8885026229372677 0.6616191389058331 0.6965067084297888 0.8290695162805203 0.46667483887014083 0.04781782543677504 0.18093293593161253 0.2688026231973035 0.8101870509212663 0.8077966226439011 0.4086572927658667 0.8853282460996181 0.754440637987479 0.7224402319926788 0.5854266549950248 0.01812074472231795 0.8881519463137216 0.8392437037126195 0.7251780667992265 0.7925007113207845 0.6996785288348745 0.981511585137345 0.20803444213357558
0.2585408038579411 0.6238445764271826 0.2671896820251036 0.6180254461768949 0.1254729589781457 0.6449539432920632 0.5884951180688568 0.5406220668985893 0.6644882994649477 0.9019874970951657 0.7642135480927338 0.11578421360270608 0.0023952520226115936 0.9201871167439625 0.29850805570066186 0.31099976287641773 0.6981484896813529 0.4358048905004358 0.7078128374696374 0.7088532415104525 0.7389121837607857 0.32118234730026063 0.7306962797318408 0.5662503599171872 0.7204767097495314
0.986219755995308 0.20102253931233516 0.39090827839681674 0.9498305164862786 0.07644751247691661 0.5538528047739483 0.33018022756013277 0.6412390449047486 0.20098093159167885 0.6825470423790634 0.6111265049375902 0.17615700944389456 0.8986278926924333 0.032463345078120986 0.861854581333724 0.3533266336702511 0.48954074124280433 0.480990151258856 0.7246481447330275 0.9423395929705469 0.04777964687007119 0.4294010755495241 0.00410920312312657 0.4436528596248205 0.5334161763731888
0.6972314171026845 0.38167625078697265 0.5643170747549169 0.9252214191734739 0.8067664829498654 0.2210823642739801 0.7861076207707055 0.07804240423700881 0.5078599711362919 0.9321311269740853 0.6919259384133313 0.8600690558255206 0.1374245498735337 0.18380958039527728 0.36451465109963965 0.6298300100115539 0.8555889396027994 0.6795404309179299 0.03955498345162767 0.7087105223795808 0.28919064501024816 0.2603013812961613 0.911801387653722 0.0474500117699127 0.09866633935811442
0.07554440934024675 0.14020657949549575 0.10286828645360169 0.26908112391343275 0.26223754924452447 0.7457666345352575 0.24017558964124286 0.46299038361224154 0.791523837717043 0.8831530417645377 0.716328963131994 0.7106049138533732 0.026834296351747167 0.6984676292582047 0.2922980224548003 0.7394082656361156 0.5759725637703943 0.25291873897402783 0.5282348346043038 0.4037134546340059 0.6700112490908857 0.5395598689438151 0.5729897316741657 0.30139353940058533 0.8092607808607751
0.4839237775622528 0.7508291671812806 0.1077299650877912 0.600341887815597 0.008383817273260763 0.4355884990870914 0.6709433453560588 0.3987279976387622 0.4612409921600019 0.9480890236586529 0.3945495903918885 0.29330667094514773 0.32875228763440734 0.3340388575947747 0.4495802880938048 0.9375635758669065 0.174561941582707 0.7611565927966707 0.292268639775217 0.44418420319796914 0.6816313482284341 0.15219664173467673 0.5410930252193944 0.39348003825158573 0.6366609219812868
0.9169669156026616 0.8411125567538613 0.9195160052194415 0.9845227023454342 0.38129404703267045 0.0011682493264926208 0.9057598617158006 0.732374931921356 0.4984586395010613 0.11170125732497804 0.04944583421378146 0.07150492394821961 0.3699554285058515 0.8234353293240152 0.22585072729274958 0.7316698943983185 0.04199471682525924 0.4489847147061954 0.9137973001443767 0.9014527891949301 0.2949139369294743 0.13872563152678175 0.21532277250472653 0.39329069078179246 0.7759865668548933
0.41330795931574993 0.7335137317513922 0.9875588835969232 0.9557048976220001 0.42896632072811036 0.026650296443675003 0.10059164060204207 0.0788584079252953 0.3330985448236724 0.36847885725700535 0.014144110905026763 0.7420751488753207 0.7387679124074091 0.32683625155182416 0.034422415704831066 0.3338195070468113 0.7555908374297212 0.021052600070040284 0.9211939136034301 0.9590900784388992 0.9644002473863127 0.2329349045018987 0.42254812994660373 0.524291966958031 0.799126713351043
0.3057026462154464 0.0346950848210581 0.8888578658495467 0.453713324838546 0.9534163571160726 0.7448891671508312 0.1767500467408778 0.8977761426554235 0.5111929939022057 0.8392296594086519 0.4885209696965399 0.8615037553902641 0.5349902618759896 0.4290554726568572 0.07792520658249757 0.5534881799203324 0.4294891750835287 0.14119697914853302 0.7383269432938675 0.28444046775693954 0.9625839764662688 0.1429568576362913 0.9725025253395847 0.46066034166698766 0.06535907804144092
0.14352562584098383 0.8440604718913152 0.3667011719920449 0.05082460106486375 0.1969410308697055 0.6632332828459049 0.4805553436267733 0.20440592713731098 0.22803648705803814 0.2899476491172809 0.5056056483259805 0.7818176873919346 0.9261402805211003 0.5378573355115498 0.495608213042674 0.3174012077133517 0.9754486149778654 0.3516269117347607 0.7298736634727556 0.43457166304218264 0.12871976285843445 0.9154124865753169 0.4351039646900977 0.24508890165703234 0.10845081431187475
0.7942230911042631 0.2384015392624127 0.8939056737189924 0.6163553711371613 0.35198221492663695 0.24788279154862847 0.04974085496087144 0.5342953324016041 0.5685341589115289 0.2563093956445902 0.7304171148496146 0.10672194159035431 0.9902228289385513 0.812226866994097 0.1698527548057579 0.41341335627655784 0.45770528156539547 0.9263060843236908 0.6332350365871536 0.3432665956276266 0.3910101934295759 0.5887595361552103 0.4533836984029851 0.48701635814672983 0.33184063168522715
0.2653533909391462 0.5557839317044654 0.10881136901270405 0.7362244747898294 0.9913410016183404 0.5758872563813797 0.42055390125810344 0.1901432312665955 0.22311668948832608 0.2767010559944051 0.7724212292633884 0.6597837155349741 0.8935877540622634 0.7217020567314996 0.4080152638195834 0.682064534895683 0.9942119858415138 0.8935148713577391 0.5571627945906051 0.4351779309589081 0.6503970083005678 0.9852053621725004 0.1484013292691606 0.5416379403786433 0.6493495650946283
0.14746183579486516 0.4434860271238785 0.0839298919011896 0.14439590653422296 0.5189156926977392 0.5387782989019123 0.9666829931647873 0.5838789804090063 0.7316025048970541 0.6001222646158195 0.9602689690477607 0.5515578915858369 0.3684298926397729 0.7213504745972221 0.7083076503389772 0.820085534064108 0.712559022048533 0.02237151945498639 0.3555422406744123 0.9527174523088169 0.6672975921566694 0.09333853543525561 0.6807650555912153 0.9661693901201321 0.7836179555467271
0.7201794698503625 0.855466813381326 0.8347219566361838 0.7384772514180115 0.17706001278768047 0.21834136268756854 0.6324742797412657 0.13450933681790533 0.9005369782048293 0.3417273080434865 0.9577362635410918 0.9944921513140593 0.32787669414384646 0.0546307972971003 0.9304214508374622 0.7775136951143305 0.48428316650982417 0.7842673148045866 0.9420847189740414 0.25990658381847287 0.7200346100466496 0.3185352431030056 0.003204629956937377 0.9234842827422298 0.6156822908350731
0.9466155652106437 0.36598460595800164 0.817090102479376 0.3683186427423093 0.5062380470683331 0.6852124458921165 0.6900842267956087 0.9393451334290068 0.6305181050566804 0.7711010061922916 0.17814427668604027 0.5115533692711336 0.5735524252310427 0.7211312236692496 0.7100900748364146 0.19463772722434947 0.40965202821394453 0.6192729015409649 0.2335657661659606 0.410748792908297 0.6067917934693925 0.5591575888779389 0.5619154963780596 0.20545582261297035 0.9261723420125341
0.0418707614160323 0.0594260620681597 0.16703386659400654 0.13149199287530855 0.18978722385548108 0.7850841790869975 0.323629880907799 0.3271947721118674 0.6654815432932073 0.285798122109847 0.6775849411399989 0.6232579359127565 0.6459579199150808 0.276912701362959 0.10113126438214215 0.6062231885118138 0.1569197899968917 0.7095304790903001 0.6171759271235091 0.368008908629043 0.7510909892295999 0.8598555231356025 0.8969194097160142 0.14444693276877563 0.5216928003254732
0.7477434149442196 0.22812231585284937 0.3919528135025615 0.8288998154122271 0.4412931418603435 0.3873974682551614 0.3779794758963039 0.2467801681569941 0.2619094721654889 0.08811854212602177 0.9534701157280061 0.983145479982194 0.824942872014078 0.03629853346200662 0.33319899776161677 0.8150088314535815 0.07818528964280902 0.4684774919867677 0.5758400110663884 0.8147865594169482 0.9998321675614738 0.6305628198017931 0.5140653377974934 0.5124067332339907 0.7591170441132248
0.49046960300096 0.8201530164845942 0.27291311254021455 0.8959806599906113 0.04810222780459317 0.0066128021315232655 0.7821275446400556 0.7788455232949255 0.9687862790927618 0.042176731808908685 0.370036114527289 0.8791526323344118 0.49998867916460765 0.5168230928474059 0.3509134779666857 0.31282597844914406 0.9326587204977154 0.7502969938993457 0.2510862210042477 0.31937863767934616 0.8322647314904335 0.8142253991286151 0.9078839470356167 0.4269141512836838 0.6074678870020556
0.9452553725363143 0.6688208072327376 0.1909761286390823 0.8679664041090664 0.9954262859101702 0.8009147101213441 0.6793545008544625 0.7330756560746562 0.06278463070744311 0.2652559656298039 0.5171777372502029 0.2824431928043293 0.19072015057803382 0.3419451204431555 0.6279822242206511 0.24142167834700368 0.38764439722282806 0.4583298391748284 0.4763925895093315 0.9456934094701255 0.3950629491500728 0.12545436779756147 0.31847772818842446 0.3980538691562603 0.8340658048901763
0.5002844579963396 0.9054754996923436 0.3526928085636162 0.425051093948117 0.7565778319315443 0.4921513291914774 0.39856870623277185 0.810418346454079 0.8170498723273913 0.6803384290359484 0.3182257931168264 0.6936476316044308 0.8500320173900943 0.06483092628323861 0.980221218095088 0.1188788615431483 0.5382840624425291 0.3542472762324822 0.4701408093187366 0.9635632008357032 0.2249430002037921 0.3556105770785195 0.013575495048021913 0.2891406890659566 0.14150783085233332
Radious = 
[1.8761765123297311, 1.7627018240889605, 1.7896972269169937, 2.000495844379395, 1.8975680492261726, 1.8023598332901196, 1.4828094653918305, 2.0466573664171412, 1.994546305516098, 1.5504492974380895, 1.6100510803231376, 2.205313596613783, 2.394055737063747, 2.009611135939815, 1.6040266345142296, 1.8116178068228026, 1.7576761902822469, 1.7993867928099312, 2.128246628210737, 1.9168165879698429, 1.58906740597193, 2.068199462097442, 2.101168096444206, 2.097751890429091, 1.9312599900779515] 
Solution = 
[0.3303299724818457, 0.5121199831865967, 0.09052699670146747, 0.413572356614876, 0.5076782289792897, 0.5531546591510409, 0.8764485127118651, 0.18635205855952564, 0.7643470993995748, 0.8196874008983444, 0.7694113712093218, 0.17494584344488462, 0.5871483806943683, 0.7969108605245346, 0.5298534380525739, 0.6046175622076663, 0.3110514316060262, 0.3188227487865348, 0.9645638083913095, 0.3180550757115499, 0.513909353507769, 0.7954400279483143, 0.5203885815428585, 0.2351685750919401, 0.07515289760862975]