Dimension = 
25 
Points = 
0.8492709540060381 0.06757441393975117 0.727489381380904 0.5493576729434025 0.35839236141008846 0.06636272772466412 0.2444277872727082 0.6885247336299586 0.07664508154003502 0.6927745780950603 0.2543726467100098 0.5772718050088762 0.7707710084683993 0.7314963491135704 0.03058129198160564 0.4479104174823174 0.05835516825482823 0.4730741496489965 0.956183302113217 0.6246152139646205 0.48513891358113514 0.9075597136088069 0.41323772915939505 0.09626736540365444 0.6840187325240706
0.7101344766009475 0.5958518595797507 0.14988930606276407 0.4376191983605754 0.19030470270958477 0.0942610377207177 0.7961722207249661 0.529030678555056 0.5408481645282108 0.04098361486155244 0.3164004436283102 0.36427558536853843 0.23099620030506962 0.42294181019519483 0.831630237870424 0.8803196443904885 0.7558119309616644 0.21646998617338387 0.7587216906313828 0.8700127637167605 0.6270508799656513 0.8504003994407959 0.8009742131989197 0.9287995487402654 0.08318667594472984
0.6877141776063634 0.5536126687275762 0.8169223884785014 0.4073243139842372 0.6834958079808647 0.9776854580803861 0.4331594285120359 0.5540252804409386 0.5125904530681055 0.8050816525002407 0.8642399677942012 0.43065611983936225 0.8150775495531831 0.5053655784984468 0.6303688763539603 0.23743975257817962 0.5901076078480666 0.08187326172433573 0.685335210294004 0.2687477505838589 0.43899544406886937 0.3342468457076191 0.13584503072775622 0.021826217535386494 0.650309403392037
0.9449284967003853 0.4071848518496136 0.7024930405701927 0.8344571067945378 0.26419982722486557 0.6634101185886203 0.03404188367518446 0.15885388167348824 0.8187727116291946 0.39065426760682853 0.44076590744794875 0.06699649491756199 0.6302526266541839 0.209386142993643 0.42035879139265564 0.17805384970801308 0.21094615885070134 0.3829570757110877 0.7417555454460837 0.20996790405944976 0.8744555840585847 0.6032925875599016 0.5136330346725917 0.36021303589967435 0.17561231680065714
0.8735898445747027 0.9580280583937831 0.7740210117797989 0.5074127571588671 0.7261882808623031 0.989537065765393 0.24728096028542368 0.12885051243737256 0.7790158906473373 0.3745276735557005 0.48564851198557546 0.12455430735440787 0.66571675199159 0.3749873096319086 0.8356332706707363 0.21302850250809213 0.3625429696307271 0.7841883710734875 0.3261386333479067 0.2319140016635869 0.5093830336118804 0.785939673306851 0.06832313183950567 0.6495567197610302 0.6313409832803002
0.39519605412188463 0.05680861010392724 0.20837341208842675 0.45502887575906925 0.6853875639004422 0.9712944531143798 0.045496901488800257 0.31130420231511113 0.044105060205705815 0.5236148414447489 0.4818003109357165 0.2657166118942951 0.9054359311416134 0.6760779344897697 0.7455616660458361 0.5079103876066595 0.947817940575841 0.8892469731932805 0.6466809962590421 0.6111569289975688 0.06298435970310245 0.4859072712183845 0.04841267197535093 0.41525081929286467 0.6282048772880936
0.640099702091934 0.30342136100237316 0.3399572941579436 0.8036884653088023 0.6159721475683372 0.060761237962666526 0.5485237721712874 0.0729163054679558 0.22418423221848593 0.17226698591801293 0.8639198390933156 0.41182635832748016 0.3546563557664044 0.7326042055468363 0.3300945548896206 0.37393606300214377 0.7934108717322252 0.43208475402648283 0.8810039724716948 0.6356981804123715 0.6367664225816947 0.7833257145440924 0.5346897859519107 0.2602098837586956 0.6635887317199078
0.5302198057745884 0.6792178675946906 0.5163667464219647 0.493479759708496 0.8008889054129381 0.7801595620310949 0.9578183344966751 0.6768317089950052 0.5235836864807458 0.28066998405881594 0.183565392671853 0.38123169950282776 0.2947799915610344 0.11546394097380785 0.35068120176342266 0.6422346205417072 0.4223430634816103 0.653372345556256 0.18933056470254273 0.9027619913409874 0.5236114381125013 0.36627968233777575 0.24880288453223043 0.46266394593225235 0.1769936129951476
0.16078947478018846 0.4120135679515843 0.45428462120455626 0.42010644910567385 0.7148696567740607 0.16715561684391922 0.753272895573808 0.06015523598674821 0.4018685606818272 0.33943062339015884 0.6787750894206875 0.7083409741141922 0.43375914947337957 0.27013721059619145 0.5471031800722262 0.796418356506694 0.6816429897631405 0.8731025880606527 0.6557224627447072 0.15578831820093098 0.5893395917739814 0.05512382104975122 0.9164580811329069 0.4340629824599558 0.5812119481108499
0.29791547599004264 0.387769920219885 0.7705423148544075 0.22869846545327743 0.6586531504465147 0.08608912446019323 0.8074400156851591 0.01714673837871461 0.4425198070843124 0.39644349210182417 0.7420894061276955 0.25367784900513823 0.1283940330132517 0.07028235595799803 0.7687684140138408 0.6824629496039909 0.4761190994825142 0.3581194252840111 0.9019862069531284 0.329560109299332 0.9328552958083364 0.2373202714659145 0.9220696935652019 0.8265820173509472 0.5798606640327025
0.5059099717360912 0.6408031142914876 0.4614758317310992 0.8699368920127348 0.3748484892776943 0.48108698234546377 0.317854649631368 0.42307306269073175 0.4954133531027316 0.37335403256241295 0.3816799363881547 0.14507735587246895 0.07516261979498295 0.8162591906396542 0.5011832904461311 0.9378074123355138 0.6519378619200344 0.1174658696619878 0.7599814928415345 0.2715782301237578 0.38543810868062056 0.3624661581915033 0.7865897167359909 0.21760408674353315 0.12776309303998767
0.04587883167073481 0.02137208053676687 0.28767279492773157 0.8984838875196852 0.20360307020024138 0.13233287931822313 0.587633160206631 0.2821242513475073 0.9378429979106985 0.8486350171260544 0.9364181849672022 0.321216850306965 0.4000825603735707 0.5596015051162547 0.8016689041785577 0.36653352046329 0.9028426618658328 0.9577081360685278 0.7777637138458128 0.8551660682729327 0.041431821587890494 0.3052452313573646 0.5851396584293866 0.5058298672015122 0.5144903657403586
0.32915505340687345 0.8501278768481315 0.629244324040863 0.8356544054664027 0.6842146522811658 0.057995675687105286 0.5100537666591353 0.6221535167624705 0.35318147494590213 0.42715633497195904 0.15835041107970937 0.6977012130226876 0.16282313338118493 0.9571349054770049 0.7415899859937835 0.8654531122615111 0.13233607452636675 0.8207500982113424 0.2410250787542374 0.9677522952508258 0.1500002008183402 0.22519962219521716 0.6681114212251592 0.8696879273077922 0.8670974348111499
0.3556991762934666 0.5697294241308537 0.03600261882796796 0.17498572918438648 0.5434101823912728 0.05468181128762273 0.25251979116278167 0.2500779373215374 0.4485409044105434 0.93709122138668 0.4993587612123518 0.913792435854544 0.57959963456102 0.7369455304409566 0.6606812476619093 0.578310810848154 0.40423221787914065 0.5398429088283224 0.2567291544247928 0.687983085695162 0.8016296352914256 0.3409981992386947 0.1674920573885582 0.6522551216935448 0.5679664068081477
0.8269258350708644 0.02547591133668692 0.07623858865935451 0.07427448354691724 0.25136154284947754 0.26458495725598286 0.4118054257413639 0.5180058732803613 0.7345669056519468 0.1468616249917366 0.8496044750931525 0.046232314936429986 0.7557116942541022 0.972375208428133 0.8120365431020237 0.45256812919372214 0.6052816672529061 0.06923943994912962 0.6500287586117545 0.8921529991833262 0.6276603049267736 0.3000002111532821 0.4648357196470385 0.8828690114056759 0.5471332599719388
0.4004958712677139 0.04224374477254278 0.3384227466046409 0.6337912875003479 0.5578708729644002 0.1854858272230816 0.6728515654283656 0.5477044107101025 0.5712509660849867 0.3873381428766417 0.19486666836707756 0.8024304924738733 0.8585179710533635 0.297794359793081 0.18639430037365012 0.6661185172131737 0.6059331022113016 0.5748407529057344 0.6672203451821295 0.9802381091649348 0.5223767310224191 0.9316850511703931 0.5876004066224406 0.8041393576703194 0.9345951500602381
0.05340942404013893 0.9610068445297842 0.08256399059549202 0.3149758023318847 0.5422992051555086 0.7081107035832831 0.26733917332163226 0.6381187550578341 0.9492364140944511 0.7276334823637062 0.5979107016977424 0.687489062528639 0.11410044170465383 0.012922322579055567 0.20089872134433717 0.5422685874742296 0.2806233970865687 0.5038827738841349 0.23544671229259184 0.21561308387662204 0.535548170808506 0.9168110876086876 0.07569834090127103 0.8762581693215511 0.550198112024115
0.7865769937052238 0.848966095506366 0.36918003143073275 0.06010740608616305 0.3757281559770421 0.27562758827233247 0.123556000847718 0.7090622252823855 0.032797363717481764 0.9251944856583615 0.629890280361737 0.8148204470279656 0.23233411193411535 0.03454856509996529 0.455952489657681 0.2176205737554897 0.9933151763464378 0.04663100889212812 0.7732979472371838 0.7247015063230898 0.254038641509423 0.2071399754932466 0.2905953543434924 0.39711181115749616 0.2551602094310754
0.3703531394814409 0.5689557927628766 0.8186825735829885 0.6184200582659795 0.7819658694437427 0.6550539717965115 0.20006865584604427 0.11683076756945787 0.8806722751889615 0.11183315042319297 0.24521876428673406 0.7874878680648263 0.8224360240223423 0.18605804659310166 0.19218280838840285 0.3186412609047585 0.10039894221466072 0.8623833481885733 0.6707514505164212 0.7847742879843415 0.23524646636239377 0.8333435808034882 0.691738601613493 0.32128144073873377 0.10107869533464486
0.8088868707432221 0.8081766482356703 0.5438580722288964 0.9972255270067227 0.8053067210030422 0.5123678484280758 0.8190347596482673 0.944913187876593 0.4986844860541654 0.7739474111458112 0.1353012663912453 0.7922432818075368 0.4367833453862924 0.9484858290026745 0.7695385250173062 0.5575938417209759 0.5953954854486838 0.017487964733448713 0.7498497157281884 0.31447739510190953 0.6369518924761396 0.36604136393749886 0.007874247466638562 0.7772395739292639 0.722811001607243
0.8081407776483335 0.7103316896729707 0.8047485446236025 0.6493636167764049 0.43548689321849765 0.25624296402812663 0.4196804587547911 0.7651491609938368 0.9543361609294199 0.9567554414256718 0.3311568972963528 0.3554148653617055 0.09847054347394724 0.9152891307798335 0.7205783637841439 0.5500553681692221 0.28829493933229466 0.4616848819289382 0.3845001858784318 0.573901781723918 0.2509380522646504 0.4102416949243526 0.10909891177192077 0.6736294013398831 0.10709123433813994
0.5116883131201084 0.49109413382265055 0.22137066820359552 0.5199970096773221 0.430904104013927 0.5033489227989554 0.01034926039935391 0.7058353770856847 0.7683365006997788 0.1360383958476653 0.22273396426373637 0.828411041594125 0.9252445958098882 0.4509742568675673 0.4187713522981076 0.055806409635638654 0.8356973365457031 0.8752849648067043 0.7284902481360258 0.9282936040747343 0.03657451539268208 0.6603548962667173 0.2805699413046948 0.4298823561698383 0.15945278285032494
0.6505682273288584 0.3137380124653367 0.3125503397415176 0.560736740946798 0.8145622042553456 0.4998049961851715 0.7302483139044749 0.01174820766580309 0.8577215967759002 0.0039593292375348366 0.8473808381828427 0.8164799000963483 0.7620625554620958 0.6956298372615634 0.39139319837745834 0.04633083702915941 0.213188749522353 0.41224852481949004 0.8033364778504657 0.7828076361726044 0.046724315846576436 0.02384681035611036 0.3446625676822205 0.8647067866955027 0.9803947935504652
0.5983520542419789 0.6966563832690017 0.06292764558894204 0.9322491193790197 0.10009949072970026 0.8118846182318513 0.43778114034747573 0.6537796614937527 0.5500648661595882 0.8997825851919158 0.06187780495975759 0.41208436297686313 0.9726320481128822 0.7709926304858576 0.8662464730608441 0.7510750192432991 0.7771135825365371 0.36278956724805866 0.4626630158771229 0.2435650891321658 0.19420041613206085 0.3138827673674842 0.7186310528305304 0.023698394692150515 0.21514574092144045
0.5934498987423363 0.6701769694040963 0.5537180617518067 0.4596241513091316 0.9483366190580484 0.6078167163489219 0.07187266550378957 0.8483624213936561 0.5571655406376467 0.8805080018582616 0.7184143553746883 0.3797273998770766 0.862360009916654 0.5575172772385839 0.44666081678134306 0.5744466893056313 0.1329137198669943 0.24539610315398153 0.5721519502356854 0.6019936914381712 0.6108354346928617 0.6317455577848752 0.5058472285768475 0.9863862735179795 0.7257332064231602
Radious = 
[1.6052358774642546, 2.2067961861335754, 1.8964977815661013, 2.247590875385309, 2.2097645236430132, 1.9322115237239454, 1.901810854368548, 1.9880245922508653, 1.8647027132058878, 2.1440308445947998, 2.221712981912643, 2.097589986308263, 2.0093836491568324, 1.8733736471384843, 2.0786084837664207, 1.5907141730428136, 2.231057661734181, 1.8470126059674974, 1.9611374191034998, 2.373839655461867, 2.149635745737295, 1.8494768648918363, 2.057022596940039, 2.3529250602509983, 1.7472610798664518] 
Solution = 
[0.8015377597326733, 0.4339178330769571, 0.8256274348871758, 0.019027389418004192, 0.31143809045385384, 0.23752979858592282, 0.2126531842936904, 0.7669627731872952, 0.3658862396414566, 0.5257999974191285, 0.869170931039148, 0.7812541947090429, 0.8398607323090049, 0.22388797256823711, 0.13974616074806756, 0.9566847410583665, 0.5369404515486513, 0.887405855286376, 0.7288353139336173, 0.9629513585524662, 0.1752937507632043, 0.4507826077084448, 0.4855339061142271, 0.3616687344059418, 0.9990238965240238]