Dimension = 
25 
Points = 
0.14997422847971265 0.9826801812609053 0.6088795617584576 0.6202617187050268 0.34891624191660553 0.5095355947149895 0.3636348599304602 0.9590931631660095 0.04667713596359879 0.1710775308379474 0.7606689124534183 0.43518888650062126 0.5844833682952184 0.08250726795156671 0.5274266650474625 0.4592100624768706 0.5672845615579292 0.7267114088793987 0.9547534899921805 0.5510054997053309 0.8803722022201538 0.49042760265333185 0.6307621125772985 0.1889464480171349 0.003654583252511223
0.9416147930481494 0.7905088370643819 0.0999414773949503 0.3751430706277751 0.1023635441344325 0.9756864014405593 0.47430167641853893 0.7074485292329424 0.6692911048933536 0.9720834215013663 0.6118963340330488 0.5966253351115159 0.7727098332067623 0.7212006400500034 0.43096410067194324 0.2042600574714789 0.9969547883098174 0.6712422141441102 0.6968489506370705 0.4946206326529913 0.942497001870904 0.7234521044160817 0.6240332029403081 0.3597645047296242 0.5277274239695892
0.2775646211792533 0.3511007770789817 0.11188135532758836 0.8477771462291145 0.20064569820124556 0.6371418175458514 0.5497198748525852 0.8794357121127868 0.9226511380865613 0.4954136009240212 0.01793308030966545 0.16388533865152433 0.20297828926491945 0.1275529063060976 0.5076937162006216 0.16580559343365064 0.17004205597407984 0.31469087622188197 0.37596123692446726 0.2591676140926231 0.2970349080987753 0.9055351822772275 0.7960786070001348 0.15317367263407788 0.2263201884121696
0.8456561464195024 0.8906053122285481 0.3319181068232453 0.7831253699753867 0.6033310293571563 0.2771385031989082 0.1143141197385823 0.9438103620502638 0.592721304237083 0.38399876525808796 0.025852343416400303 0.322783446737411 0.5159205456688651 0.9451003769237213 0.5265023335688638 0.7703401445012625 0.9599855998155947 0.2629741158270684 0.29478115201986765 0.05507388386740342 0.17870240528045112 0.5206890325501472 0.8308595893700055 0.6789330423473413 0.9313073174660681
0.28403878122633597 0.711051001338049 0.26013734668040034 0.6259428512182365 0.37969445183814843 0.4144536243751541 0.600413459353058 0.5585265709390624 0.9113905288804595 0.5991750048494333 0.8129347995332227 0.9070041346416284 0.8912182235268811 0.9723637997087006 0.9750801857546483 0.2189370569084883 0.5158385669804626 0.8333632432315834 0.47038156836885414 0.549975714105682 0.8631454256253847 0.06614461463723931 0.37821990731057453 0.052667504699907886 0.4878585053552631
0.5168158574249305 0.46704178682943176 0.5100925889238728 0.24628461428802606 0.0624385235516457 0.9611660146092117 0.19778271451576124 0.8418453645639385 0.8251776666223032 0.28971535361202505 0.44633469228516875 0.7137543191238984 0.2806389838784781 0.8710783099548995 0.3117144479132423 0.6601665484134686 0.5736392018029524 0.7059409076125316 0.6894364891273711 0.4924957896248897 0.9025402152575523 0.46069851838260045 0.09417002635711347 0.8527182257752939 0.478640499918071
0.9976979933948535 0.43701738276107793 0.7788086509489849 0.6622925289148506 0.8476496163816445 0.29857642625993863 0.43397924970849533 0.12638893466725354 0.010150274377920154 0.3660944194383219 0.17775735442802698 0.6442893215928468 0.19706418391934688 0.29594151347251585 0.49005888853061896 0.5044712811814912 0.20466700872946486 0.4723793518384267 0.4267000460992475 0.22648192372880982 0.4598544068992748 0.8206260015772376 0.4922836537753633 0.5204439707204009 0.2830938306215288
0.3290740514631024 0.30198360042796346 0.8002443859021683 0.6917032627367388 0.7744557507474826 0.3905479728720225 0.7445255323579713 0.6042281604413594 0.9001119009603579 0.40343010976025384 0.7285029696178452 0.8505517203359825 0.7701317953101057 0.7202698802281188 0.7140941693773017 0.40935695996439814 0.9564297792235271 0.49669881718011666 0.8823301360031321 0.5770851856267868 0.9119372145828853 0.4609985924474289 0.5701024000062647 0.6933540725657602 0.06613560630987891
0.28069970803415256 0.37749136387543547 0.4263625607416641 0.46184389518967917 0.6651906491293068 0.3854574085018796 0.14520025708465012 0.5626082845263959 0.9960204892700267 0.5136425465424934 0.25750292623358884 0.6237000518282066 0.02923750472009412 0.6248002235823183 0.6189717389188449 0.7044831936563117 0.8205434154048348 0.6798033155451783 0.9043421989546524 0.4639436121551951 0.05288920612305048 0.7506653778623315 0.9885278348299705 0.8427139005236799 0.21532164885170935
0.7769714710613503 0.906414285868994 0.4929398984595962 0.6971672178866017 0.45478487103506626 0.7446849163396582 0.33746696534984644 0.06756718701069764 0.9499508476110522 0.2427820877754745 0.38011648671729137 0.19805497192292643 0.5199648525852443 0.5101498188839256 0.9118328525158608 0.6385493949932703 0.6151535146814219 0.9756439731665271 0.9563247584073501 0.3801050396032435 0.3336206398287649 0.5240660833193141 0.3515976011874006 0.8370908921836911 0.13694659474256177
0.09114755030976829 0.059772454059860314 0.2560175055868621 0.23033637912983373 0.7029125735159418 0.7696410709192996 0.007164593835291555 0.982612655208466 0.1308316125157627 0.383558304106265 0.1596252198084318 0.704275655173282 0.5997331711243856 0.8326476026922369 0.46890374220350706 0.9054014249644705 0.1483122888314693 0.9761222517653158 0.9647533893941439 0.5314618771813501 0.025709890350850806 0.9689681174159649 0.155208443223129 0.06994194733720238 0.9347523590208148
0.8600219007515045 0.2513206676459764 0.6979576632102827 0.4521333957321141 0.09968665946564192 0.12166267077265813 0.5125688361905429 0.003938953516377075 0.2679392217716714 0.7822258079715028 0.7151235942669841 0.20400852541686199 0.5332798097249876 0.9907708433693689 0.9889744741517392 0.16761342642761057 0.07412432210146602 0.4153755376076923 0.7197621553238072 0.29867421448035736 0.8918547203276197 0.9617589266837596 0.6154699844643882 0.9746402171232494 0.3232189369666367
0.8377205403513078 0.5843162888085652 0.37536425001080265 0.5772196455877079 0.7521459534804852 0.1075527637077387 0.8667667451191611 0.8396469781745921 0.5814419097478997 0.26837236427075983 0.7234698009095196 0.46532948939898533 0.7638297242355412 0.07317036480826489 0.8241335710344152 0.5627729925621209 0.8753958961601175 0.19698455943676674 0.5059147354265277 0.5252631177877781 0.5942548967066098 0.9439376923269158 0.5385086295808509 0.9608179923029763 0.3648589403353468
0.44711812576814636 0.8764982640172407 0.7712735708905637 0.7296603804245686 0.5894886079555667 0.33752776211878877 0.2893669873194066 0.48095904171207815 0.15144771592365103 0.22882288800790807 0.8303131930497978 0.9797272338982156 0.7130932215077023 0.16934884831969121 0.6558834256494614 0.18651286702103476 0.23133785538693508 0.48338498227545057 0.060904538156443366 0.01356345673391024 0.8986771157437158 0.9811715545979236 0.3923416764316372 0.0711164063962696 0.07808695076349048
0.051562145295773854 0.3819507168897731 0.557955064488645 0.9810987953002931 0.4475891293956272 0.43708256660639144 0.9157761473274731 0.01526184453844981 0.3310842697852783 0.30769427421101736 0.8074608713533049 0.03674517125069321 0.6051213496084056 0.39527091567987493 0.6857970583922401 0.5855040271723118 0.6826364026883983 0.7731713248736961 0.5685187053122515 0.6391687344366275 0.9445568600117796 0.07923760191628648 0.6183658026764126 0.18304642590953557 0.9517089928856257
0.4846322994944946 0.6563147768238238 0.3807169349260351 0.6519986387056571 0.2240710697565984 0.25786542064124385 0.5139601448565932 0.9958703083132382 0.7901227207001745 0.779032869021196 0.8508821867158051 0.5875563266999742 0.5886005149329173 0.034888026555021545 0.036125880299109014 0.41076784723728454 0.5700209550534455 0.3337453035541893 0.07107367077472526 0.19377538524934912 0.15338211165810445 0.6821634602214041 0.5629928544886807 0.5872240371322549 0.7703347531906262
0.9045764067588763 0.2801449416355599 0.9956658034328297 0.5366495215215938 0.6017595511678883 0.24064494925166158 0.7991330339587817 0.4911724881096864 0.8938861326927174 0.09183906722366697 0.010450226576744659 0.38282282048503535 0.1866402196955269 0.1145964640660575 0.5173210677573741 0.21746977358792519 0.8902192644354049 0.1282449777644512 0.9140694236536016 0.5618742035835103 0.6235990044585297 0.9004177668421074 0.2902970173975552 0.21009416661910985 0.5193014056153922
0.9738583842639874 0.8653504121485803 0.4942772508168388 0.294543937687872 0.022004516114308315 0.8244779266627539 0.29036212164236563 0.2660353690771017 0.519996680139972 0.5380650338204026 0.17708450195194736 0.8882483110139907 0.7228867943112043 0.2147320784429544 0.9542329294535635 0.4361811147452994 0.6401873903494769 0.1597350622534729 0.40061683304844864 0.841933345850353 0.771290560530351 0.14849558424146647 0.16557116693039942 0.1384715345903349 0.6688098558536001
0.4966139680637448 0.16508417694530897 0.7884772367621057 0.6409842711951296 0.5290728665935103 0.8547568387001574 0.5594130392301809 0.5897626424951989 0.5064864999062921 0.43170114821982397 0.45497940292076333 0.8253915262890767 0.2661887076854783 0.319772075784438 0.8198038209483071 0.14998041391686723 0.12574964584792292 0.13611864701762855 0.004073274054477327 0.7356280647799539 0.837020276527027 0.6320110694038424 0.26588781585189114 0.4592245627089283 0.8019679451320565
0.5130857266503025 0.07978884434564015 0.8166436375356099 0.8357526075298468 0.5096662920501102 0.8419385808101331 0.8069442843634569 0.7627968040177296 0.7261353756070444 0.5703762622859475 0.20884815383824307 0.7776402875429295 0.8742066113952164 0.9359215412629681 0.9168552189368034 0.4687922757719787 0.8213182868840373 0.5102599633213598 0.18085877707538833 0.8445214686236611 0.7838143920559032 0.542657334681003 0.032998359336464334 0.7025193975585782 0.605303605822758
0.5099731027444565 0.4174042722514405 0.548331701214984 0.8104796974896432 0.6421493189953705 0.2980619819358865 0.4138080743973723 0.5994885091572479 0.7827759395398706 0.1790656156464936 0.3423233106707936 0.3492290249783965 0.9767675798596468 0.012077906539362693 0.5509228952042996 0.8091727959518539 0.10408886819475538 0.37235874674773184 0.4292434787238727 0.24115224312765549 0.527759556498097 0.04318614087554162 0.2653702964605389 0.04303565634044615 0.9230019459073195
0.34787209452356493 0.18998111479134017 0.7519979080032049 0.1757306519076689 0.8415062162307163 0.8952736853120292 0.4155338126777699 0.08499785660194281 0.6671887801444268 0.3861041200513703 0.32409642041971964 0.4068918547399666 0.20751967416378558 0.7400176521246415 0.035028936086143436 0.23917959388707044 0.6388184173196249 0.7461841008170388 0.916891089377068 0.8715715764096759 0.5947352621940117 0.7540784208913286 0.42048901053303533 0.23929544104356126 0.45614113020111036
0.3245023269428434 0.14972396839996427 0.8532389393999767 0.8064631962197278 0.3832718602764824 0.013570551919708351 0.343429748953189 0.3671208396291141 0.14258513455412114 0.3527505045431204 0.2174534364753129 0.23542013258048733 0.008180958316184817 0.14857005563783032 0.4765113178886571 0.5476869995559717 0.25003788621231937 0.9017405736254085 0.07205632188903865 0.3669934586369833 0.8259416960959258 0.6700766256263282 0.33071466621646584 0.8968744791815675 0.5426928410674754
0.2466875252243802 0.8604287085996282 0.20319597048243354 0.5318605263971897 0.6465248972092472 0.9031716113861531 0.026616076415617362 0.6889636762273563 0.05208070928475894 0.22153314107430566 0.36972202651589314 0.5492058676257461 0.8084761470131895 0.33822029156304423 0.10706477508256684 0.17365486194797708 0.677335212295884 0.139004908634491 0.8771105601605957 0.2913206953142281 0.6417318641992886 0.1965983091096909 0.46839849570254666 0.3979302250164093 0.87216494833157
0.06045841060640533 0.5461305171574173 0.23927486012779986 0.8541002277697164 0.21156695502438616 0.8951390640739199 0.8067058463589744 0.3777651778674548 0.489042532136603 0.9592405372052867 0.8295536519099772 0.8660969438651637 0.610276506315092 0.0954213328515966 0.44276916833462066 0.1331906133004387 0.8528254471929092 0.9376160996938756 0.5788993305577357 0.7393864164704775 0.891004260514222 0.40348315268831425 0.7021393884187175 0.041992251390327584 0.7692553866513487
Radious = 
[2.2636675688962518, 1.9471109967947504, 1.712628392067256, 2.1350994111046653, 1.660671207694073, 1.9082025150495197, 1.9630653364173887, 1.7553951835254717, 1.9575936760315902, 2.0910722646425017, 2.243151451528613, 2.01134958408387, 1.8348629226844173, 2.1564216242989085, 2.262826865989814, 1.8611958364235162, 2.2183384078652977, 1.9225716464403677, 1.4819398836048538, 1.3403022162662968, 1.9642541333169685, 2.268046033975887, 2.039235287054237, 2.3454679889240877, 2.0008925107480255] 
Solution = 
[0.617025824107708, 0.0386518862466434, 0.20281795834605565, 0.9788909758394132, 0.28646038400041174, 0.49599751575556406, 0.7014862526155499, 0.8869783430226154, 0.744987983229378, 0.8153070218264238, 0.21960224469301604, 0.9935602008943105, 0.7407810099109984, 0.6333043166346068, 0.9540369004081527, 0.3260995376469539, 0.10368938410652107, 0.4941103114948787, 0.20057681401918748, 0.851036684166078, 0.386543087166175, 0.5098110440741326, 0.46377151913519843, 0.7127731786320992, 0.3017562819843965]