Dimension = 
25 
Points = 
0.7959298584055405 0.5524923472158562 0.5216791607002975 0.20923521607589457 0.4074482387706997 0.4341456735004354 0.8435656734802264 0.6129239113305657 0.12712071371229883 0.9995485575827806 0.5934875966389076 0.7664325670913128 0.9866299158864442 0.39899527508901855 0.32208745068737066 0.632811369309284 0.11061564893306597 0.7790667977884755 0.9232433354524896 0.5680090046998603 0.48615201364506777 0.15528815467754697 0.011383646865731789 0.500319439885413 0.20976035276428173
0.2440347261003829 0.25128687953507167 0.9235965622643227 0.3153958327098755 0.011879246532093712 0.9408477360986524 0.5582475663654968 0.18040760657395227 0.9206240635841078 0.04701414574037022 0.6386311493646457 0.5030258755707938 0.33953580040837117 0.8511565978309364 0.11976505131914683 0.6742375521741598 0.36891992208711266 0.7304630595110971 0.007432886721089771 0.34369805204464 0.32239077899890967 0.83483058396321 0.4519227581227935 0.7083463636498297 0.1391542977311142
0.6311597403251504 0.8723727059872908 0.2577193427926888 0.7298738786447382 0.8103364570882451 0.15849342463803817 0.16701897579121483 0.8495965813828624 0.5713454819432893 0.4637404465018873 0.7989284369706273 0.5527368279561602 0.050276005814504976 0.9572266409016226 0.5556077728873696 0.05514798732745896 0.5901869765934821 0.04706975807998759 0.14750310872193328 0.7673610072016456 0.2957343125333797 0.07532607299461214 0.2953048825733696 0.08365981564731995 0.05475755121965975
0.6377965373462844 0.36697394494166935 0.2471400458211248 0.03304229046818896 0.6347180224740882 0.6048625861358522 0.7153589022036589 0.4031865429778989 0.9719999432958302 0.49181343579929204 0.07293441932949107 0.8402830479354617 0.9378296152245712 0.007351547247601675 0.8441532708511856 0.8161983774713686 0.2380945458791751 0.18874711213684991 0.028579931344456688 0.34210988254372166 0.568901257704801 0.05445123236553151 0.8628664011164183 0.312325962790026 0.8194801204134079
0.61816602027773 0.20735452921807185 0.7942564411486636 0.024699804846900486 0.24491355265931047 0.10446363423995086 0.8653460592105006 0.5705660105630749 0.7905021918565058 0.5146178337960812 0.3409252344804453 0.35469881964217476 0.3968615351995006 0.9255911099823235 0.6512950253226817 0.11575853319845197 0.745819055292495 0.6381205099884848 0.8196430584783571 0.4611500306728432 0.6198275878697577 0.6133247771827229 0.03414637676481447 0.8288104775004131 0.4737780745725707
0.9426163710729704 0.9556709881037736 0.15453460010829567 0.8245573776765948 0.3119163716151224 0.8214241310699891 0.4116164400495601 0.25553775187436456 0.7875938490592976 0.9458434777731907 0.2950590675988206 0.30764695651037266 0.8849747091335511 0.6978023136225298 0.6998056200450934 0.56197324689701 0.8218331097019324 0.6019000688106041 0.9899272815318804 0.33037759722424986 0.24627077389117857 0.0247618441293338 0.5821638831629402 0.2010481087329058 0.3544198951368809
0.9648646675960735 0.8780180397411951 0.6047527632954497 0.603259601903633 0.44057551208749024 0.32502969527146064 0.029762141672802445 0.18603685573951179 0.2757682549643514 0.19714621253707054 0.22426252796258206 0.47985985891561644 0.3697859459251509 0.061905852255186744 0.8429264755138803 0.15931763866959958 0.24869548995751345 0.15330931387217028 0.5760265063991996 0.23649182786669132 0.9461745216979758 0.5505162791631045 0.3014435521952141 0.6470326324225999 0.09733042678533521
0.5363279581743092 0.5227433593534598 0.18962348776352356 0.6306365487462652 0.27522322700658564 0.2217503236166617 0.6473931686444703 0.3254358769683512 0.1842330836296785 0.24652134900914746 0.10718394296833689 0.8912121315093864 0.6953168426796555 0.6262072662423526 0.582633992034959 0.9548582865601051 0.15388634752481523 0.5505538616992516 0.11335740287644203 0.5227714282591247 0.747570974636357 0.9535988774300586 0.9190423213170359 0.12377543199196928 0.13180226702507558
0.7783854935122844 0.13277840928890783 0.3811542267186364 0.5408016871892115 0.3471782091733292 0.9046211618683724 0.40148048759420185 0.17987633847327777 0.2826177801766163 0.7140148276116601 0.12763466284963665 0.40699255879386675 0.18633882197969853 0.3541590751390461 0.3979561049400374 0.02360876208601237 0.16302619027469634 0.33965110497338435 0.856773111037169 0.5821971515547371 0.306987701492324 0.5040095015823078 0.18303988412304695 0.6638717206034409 0.9864504415505272
0.4179281611406883 0.6597363146594548 0.8935651906846086 0.46255791440672656 0.4728446216549874 0.8810126119985516 0.7851209661313658 0.14262876311192518 0.7374150682629994 0.5202129391731531 0.9157916092645223 0.4065642799452568 0.14359835705623492 0.7653061013732755 0.8969349895168978 0.7759794756724628 0.011603962770332044 0.466843386136654 0.699029425632213 0.03151826929085422 0.4364309152642529 0.33852521776587796 0.8927014448531972 0.33000819270822856 0.49391961208755897
0.48117566244421284 0.1263108185872781 0.07484336996868868 0.7719839592893225 0.4530745691768524 0.9584764529484203 0.423634582938915 0.2719953299934348 0.814970910919787 0.5377553064947057 0.42657644367471026 0.7737470247235092 0.5627153249201108 0.687288901859509 0.04342086077560858 0.5187798793471643 0.24128053609899136 0.6827556895601273 0.08399029817627679 0.9316649866810547 0.19966845378242382 0.19917242999791906 0.47803191332626693 0.7892474902574492 0.9970275628178134
0.22558129952087924 0.6622513931182457 0.7160876059506751 0.8831328468559468 0.058492458788000246 0.9073507240683005 0.22049388304029327 0.5331633046853015 0.3232305066707488 0.3309025412217125 0.18211859303706757 0.4636310898822159 0.8848130478199078 0.7413084336874437 0.1354823952979477 0.48740966026413735 0.3412557885407933 0.6202014195695941 0.3363822533313622 0.32880832814814054 0.9335081028701488 0.30281913351966316 0.9747257909971219 0.3112173820077009 0.43480092643658474
0.21461312067128646 0.4607251857795458 0.8757142322480915 0.9247071318520426 0.8970183937635237 0.7565302828294598 0.5062653353637709 0.5604159950416252 0.30364166710770435 0.054794944730142126 0.8703241533433425 0.4980277674784144 0.6927028621768901 0.7233023823055776 0.7060666707188585 0.07965873771381493 0.9317845400493403 0.7012580923851495 0.9402602156787218 0.6491097003617747 0.4025642645378238 0.4430464455182217 0.6789544762468094 0.4788385953374261 0.8565181749447209
0.3041728315172666 0.5857908524983304 0.08174900489871106 0.1847728578889889 0.6994195058428669 0.9298529271040745 0.7390649839177783 0.7702940753609205 0.05028294953965229 0.26565578319949423 0.5276413912284765 0.2994462334671839 0.3589404825269428 0.3455062650195273 0.9885317192493754 0.06738448197361291 0.9164352060628254 0.6410892629827568 0.8200888414696138 0.12415789410485845 0.11462837052921737 0.7489872817824402 0.7655241886157663 0.6494211887528688 0.4524762993333462
0.09902191249874082 0.40040634394395835 0.28843414468613116 0.11952981606551794 0.8026241254823833 0.5702184617151558 0.24647364390600845 0.6587647650444207 0.21732450602540276 0.22719374431382244 0.5917662534183656 0.2060736093668456 0.093341902664684 0.6268158301610263 0.5587849445920121 0.19515362023119254 0.40509783717826153 0.7909590307311608 0.9022363206506895 0.013084286260407807 0.3694235431251264 0.16810702425056034 0.11427675391161463 0.3226330753442126 0.8970175958573862
0.00575916814477706 0.8247205475003543 0.7634927300313051 0.6062805851228262 0.657255060412067 0.3999652909227538 0.9171979562839419 0.9437572422679599 0.42929856401041655 0.9934802139210257 0.603465544098967 0.0788671441879758 0.44061024793776227 0.5026242823770309 0.9765121038847315 0.6049997269858379 0.1437622892492889 0.14684632667757325 0.8909827107880948 0.7311775838114899 0.18116079168700172 0.08573006696496543 0.02713727709750069 0.304527211601199 0.5181790863529605
0.7683364409346299 0.7409950422093476 0.3031307641572152 0.23463412968684316 0.3205162166993508 0.09368364774085058 0.07325491129454687 0.39636902209550806 0.8093522560136789 0.7080463381450595 0.6974193276824181 0.031025262193308478 0.9650749805735086 0.11347355793092773 0.9933144310124689 0.12119698008968105 0.3264878211684623 0.550071088292976 0.19762885768231164 0.307975665785987 0.5450212102301574 0.1971925760903276 0.7355416828351536 0.2731889264970241 0.2862907576734376
0.7581016968565631 0.9355865268843627 0.600005267351672 0.8626060398074713 0.4776626989098943 0.7632719336327419 0.457110692993174 0.02906776722454474 0.9089553688242423 0.8233922578715895 0.8293674986140293 0.4845576005075015 0.5171267061760603 0.628778153522988 0.5552091300888353 0.7822349532168698 0.9061637165794518 0.31409522231850884 0.06988863323816297 0.745106167659105 0.8190204767294668 0.8998507704490495 0.8521935003091454 0.7954634811074831 0.24203431207182557
0.27065159514615234 0.5106284964144093 0.20664961463367082 0.045390600866267006 0.8039614494267652 0.7909815157991505 0.7233131257533163 0.36928250167310583 0.5897002761107596 0.686935149732119 0.21928543572409787 0.6564096059698169 0.0847331390134608 0.4407144588265174 0.20509382308740687 0.8270220746148387 0.8414570334702252 0.4715454539524746 0.6676516634003413 0.37188492619351265 0.24775068373911546 0.24873233513556425 0.5048253136869248 0.6076606490507794 0.4003505886507229
0.8901889642397194 0.9969668928261765 0.3777511258870502 0.48836754315124253 0.36280333023056444 0.6354939972010861 0.40274598352253266 0.5605493957958884 0.6804363624472595 0.10274895278771023 0.9428242965310906 0.5250922601250709 0.026187457744743625 0.8314557747276666 0.3179762605830978 0.3362918841995811 0.8446270894891776 0.91399374720135 0.1606503885219306 0.516291972546119 0.8456383134738553 0.6993741594737455 0.9452094332151381 0.5977820923875934 0.9087370235496005
0.4888090567368215 0.500328431366123 0.656372751737202 0.5297316382008567 0.625146242240829 0.9314847409130006 0.9072605372933642 0.06582840627636855 0.13076069040505978 0.36969760123108286 0.9700100971192481 0.5344480297666608 0.474839369319043 0.9212574275490593 0.08089052198327817 0.9085382475105916 0.19003752209166724 0.2847158623039123 0.296246458295234 0.00790302687284039 0.25583921350629113 0.09134202094264732 0.7326033698892714 0.2560768710769643 0.6919205036155593
0.545832491460655 0.5723764265851683 0.2522521192799152 0.481946010212292 0.3479249577246405 0.2541131837969608 0.9131871070059353 0.5418749947420693 0.8509127574523551 0.6293775166790652 0.2608161687003395 0.356909816361337 0.07407322099294311 0.9551438314104824 0.5478866206364817 0.16497509074866867 0.6613696273161692 0.43771368500530194 0.09247924650437633 0.44777641005737034 0.6582982969152177 0.8286047847338027 0.32122403603906236 0.6966849776297742 0.9495446788897903
0.9490623563607061 0.6079806045110046 0.24093993946001957 0.7968213774802181 0.9254580843413895 0.08786955548325126 0.6611054097451737 0.7846539512268713 0.10304862436810736 0.5031441241159355 0.13771720319750347 0.9206701959524723 0.7036987122941416 0.6533106637541617 0.906055415775435 0.6687325847302261 0.9737420007460837 0.28611339924995927 0.6535878704661084 0.5555689558974983 0.7587189658448213 0.4672364448800317 0.1953954146967144 0.1086586669259747 0.13274617757511742
0.3740321742280377 0.9705261763325659 0.1885705691440115 0.19032301365233428 0.7606634361468501 0.10634737028645425 0.23737835325876966 0.9404310117173391 0.6555826429876842 0.7096485743692035 0.0637750024363013 0.9183772118164321 0.46405402603677126 0.2809139021619961 0.6268535936208793 0.9808546790601159 0.5805961607434839 0.541842678278961 0.14504684847865357 0.048888532973579424 0.3855929277083472 0.949627637773982 0.7854972557429168 0.08343375500415118 0.5828088283838091
0.7001806461321342 0.6020087458107614 0.9518664246788741 0.7820572291761237 0.5821753327585683 0.8296544132178021 0.8284578196016178 0.2090663399490692 0.03663509370937845 0.852344542645796 0.506552949101146 0.30403816575766485 0.4033200454411613 0.8411022142635006 0.008572062729356289 0.2802843102928516 0.45244944560329026 0.9613096431844124 0.31056886771095915 0.7915221147819087 0.08907175593798722 0.06625435572879834 0.02235147769355683 0.7860547109688878 0.8890389357124315
Radious = 
[1.7905072876080061, 1.9548020569408617, 1.7688402181182599, 2.390588861071225, 1.9577140288723447, 1.704326828665414, 1.9153916631283523, 2.214583037743873, 1.7777916124041446, 2.0055579357971625, 1.8938723055897408, 1.6356133031398588, 1.5948175437488183, 2.0275902052051005, 1.9303328334904637, 2.188562156398786, 2.1020170685077897, 2.0524904731524836, 1.7341281247021734, 1.9409273490846906, 1.9142682217223652, 2.2426192863362817, 1.989749730389474, 2.3706467563636844, 1.6707532170811328] 
Solution = 
[0.8954416041173526, 0.46306153184750587, 0.9635794636345753, 0.6680670683639514, 0.5356342190467818, 0.7637024363482736, 0.0690915403407606, 0.6345794866671985, 0.2990615211511405, 0.40110654473194973, 0.4678658237933193, 0.5638458293352142, 0.4390362206805093, 0.6416420995003973, 0.0362639270308277, 0.27132270333306474, 0.7511005482794305, 0.6394376778565274, 0.8079803223114251, 0.6872121800667476, 0.13995087715134802, 0.02837372314526221, 0.6738728864381439, 0.46194192562529146, 0.12183294817391632]