Dimension = 
25 
Points = 
0.792513284660967 0.698609730135422 0.8457096179448086 0.03814461816162573 0.8879439526125593 0.7280627563536094 0.34314102185400064 0.8276903724732714 0.06671698900787526 0.027241277236034533 0.578689533141211 0.9481608482396481 0.5630841332646268 0.8505212524463898 0.4136634821092612 0.991533526272199 0.9940674623375604 0.4843867600168469 0.2898225101814347 0.44338017856246137 0.40589857710620747 0.42918558891341674 0.575234834359533 0.9454370508901386 0.6693650117022418
0.8698817457712592 0.8921956475039639 0.3402614310197982 0.669033243030654 0.27161028399155007 0.2992620454383922 0.6144188420916528 0.7782367016710849 0.2376619442488258 0.6026278213913783 0.5638393669344677 0.8507228724524682 0.7830285377116165 0.8694031496734226 0.4251936245739487 0.7852241381144016 0.06360507764469736 0.1908320116374297 0.14089565054409248 0.5958797399169489 0.7113281274199242 0.9026037610160232 0.2961344530836909 0.3395523774407101 0.8034926732989209
0.8464945239981145 0.17903932208089313 0.8522734553175667 0.9514828548830138 0.34645319374480243 0.6644225575775395 0.4973881388282868 0.7325473473522297 0.8934425001472074 0.2795211012698191 0.07713486003345382 0.05527453083699174 0.47844083882950617 0.007106878587143206 0.5299720315356493 0.013519065443536205 0.7613967357160191 0.2547197119158514 0.2769873068234102 0.9419601720422139 0.6598350046887083 0.028880464470962375 0.03348815476415845 0.7548099844835323 0.32815233074498107
0.8436133569944215 0.03459808766573158 0.5769251291603957 0.43020129778222815 0.8144490067224228 0.29101378157974955 0.24627229244706306 0.21529233254659852 0.31995124337683556 0.6651108339131879 0.6071502291517922 0.04043984700261338 0.12440015564883822 0.06139131293635458 0.07845905793259988 0.2609599683001801 0.3501380458752096 0.2982844170756278 0.3598168283474035 0.2889424194264103 0.4162612587283194 0.526569978127026 0.938223140721111 0.9812126253129627 0.9526569513479796
0.1140030777202723 0.7527241028738065 0.08637627704264372 0.8326370547283123 0.97028363710609 0.22996146449042332 0.559123976357973 0.32976374165813893 0.3466281469347119 0.8420327374483223 0.6891721530083356 0.4033563832544017 0.5082645987124905 0.5497442222291297 0.9713771637015672 0.3335356656487929 0.3107870242904671 0.3568964428773015 0.016609703358732797 0.08790695807114646 0.36459596394260685 0.2707846651488366 0.46304331879345484 0.07966280436983242 0.5182928514136802
0.7899723206865075 0.2902669228125072 0.6497179402798511 0.14757323592743843 0.86606412443238 0.28811954972154286 0.26395220686885257 0.8000074098073728 0.5074906672050741 0.7408407514190922 0.36580760225767794 0.5834720696856723 0.5877645328591086 0.5232265360439069 0.5157167074697353 0.7106902802276076 0.5310405795565771 0.061811284442975234 0.1234418737362879 0.4925098200430358 0.2676848518503109 0.376549400245322 0.3669053795496624 0.6683705010552168 0.9415588233222383
0.40525612140284484 0.7528517157039175 0.9673379450474588 0.7652893117581225 0.32674211590816327 0.49883394112747437 0.667818140710023 0.18506550642562758 0.8820951554993507 0.1355968298165522 0.5988059413932231 0.08890491647916976 0.39333941747775714 0.39392603643301116 0.050953353143540214 0.3783732926627541 0.3990132214550791 0.48023301447214706 0.30654109424734555 0.5414958561394467 0.8829838882006283 0.9308090233996332 0.544533333426313 0.6156762420770888 0.8215589251222664
0.5884217208351972 0.4180739336607767 0.3815560127233706 0.1153259285641487 0.570525938737031 0.49481661382011066 0.4266853871961763 0.37362322426378514 0.38090012859106004 0.47557217240225136 0.7771426111455035 0.8815693761336364 0.2829801156132825 0.01713429291042745 0.595441850475296 0.4571285433604291 0.9406695057755491 0.6992299065033484 0.8215995065890835 0.1503331862383268 0.42196576113939555 0.5783720233397193 0.5816843232644533 0.4575044004447568 0.22015791027223974
0.045819364745017244 0.6182969854751852 0.06713574937649991 0.4301290946175864 0.4973191521214694 0.08416499204010108 0.4387963403645264 0.29444127131665865 0.2417824583402982 0.3702689667391016 0.22008378428077335 0.6456533016454853 0.24889412218053852 0.7832257222589557 0.8301709708078794 0.6511734282201144 0.11760452047937331 0.6636805016003179 0.7116157354058875 0.20406384550765866 0.39678945364878515 0.3225360982866394 0.5106868740751722 0.7446553736241185 0.8703396511439712
0.19462762568702907 0.48679929364222185 0.7732031462262993 0.7721257211648087 0.7578533251287444 0.9533257138764871 0.904555825107863 0.6176458887815526 0.2787843056225101 0.4067001258354628 0.8875092378900133 0.05544792375466179 0.49186701767755403 0.1409486765860949 0.18875799877127653 0.21987383109755165 0.8629679893429094 0.0024025386027896056 0.7945073968766325 0.3949988846848461 0.39489460677576294 0.35796410423876246 0.8629444587055086 0.7707243397028453 0.9206447655643476
0.7477923267418007 0.610067045852959 0.5382916130197514 0.8806657582293873 0.4964200663778009 0.9521015316555466 0.39790286121519325 0.4823699844175595 0.7435664796541819 0.26434847104961867 0.9835678103163796 0.3993760696211299 0.5489572074277902 0.8427393184676353 0.5103461808525765 0.3071941462288499 0.003628543326287703 0.30640756231093647 0.2431995422197819 0.7704908140976445 0.7160934473546554 0.9765771160047408 0.110061729045703 0.8751453167434265 0.002381134581441402
0.8838653175967295 0.5841162951030161 0.055173962241605756 0.9503678039860691 0.43338692969418235 0.9878924947388896 0.19060185120529027 0.47946065136949145 0.7272648886937824 0.8336723171747976 0.6589351655062367 0.5819863671762247 0.9658028126546201 0.9433961105846164 0.8551716501306899 0.8879700870475894 0.7842636685065942 0.9194529641226514 0.8985685816375397 0.8690009722399247 0.22223093567962227 0.951208501652112 0.2088850968076018 0.47861509625555243 0.4748710530882251
0.2075950488122975 0.92697316913596 0.9106544021100249 0.36718544897174876 0.769010639963771 0.25422349665439614 0.6134083863801565 0.8133805600643481 0.6599472068423041 0.7734336087290533 0.8038291639539863 0.593824640488952 0.28809598564661787 0.30952996134974786 0.6962927411551455 0.6487237858593625 0.10261601134183251 0.22609867963017893 0.21437638519624624 0.34143751811051004 0.1831399846723082 0.9035406901465481 0.5377293251598997 0.5458951939307686 0.6790160788116574
0.6389482994492764 0.32924785669817846 0.15897171676552002 0.623318794348198 0.9196070970814857 0.4198048039768213 0.44225394183535927 0.4614219422041034 0.7699796403025547 0.0024493713543779494 0.9025908487299226 0.5281600123037428 0.9271674200340383 0.7190943475041708 0.7108494509619262 0.9618764722728088 0.5218289919336876 0.1335984922862521 0.051947712919289124 0.10533249309262072 0.3155640977134567 0.31430554802920874 0.14718104871771964 0.1889356453787142 0.4227378759828724
0.495840197879718 0.05626315189905773 0.47652322604973796 0.1907796205237824 0.26884155894164274 0.23155791672502224 0.926137196629638 0.7136690147674877 0.07523497046287209 0.12150723344154024 0.6863797254644045 0.7878622807578587 0.9741798652226688 0.18253998391937354 0.18040020278367608 0.20551994503709636 0.42523225671759657 0.2788239315113906 0.9830059055723467 0.5038379506890291 0.8992495468012794 0.1160154389403637 0.9345506882347767 0.843360342851699 0.6324808934367637
0.9206619685746246 0.939849003988029 0.5441139287152894 0.3888526206294296 0.8640095964748905 0.5065110169395832 0.4668127501293673 0.8867857481945045 0.9616787902795337 0.44867615566588737 0.37024025561326324 0.6403585216258639 0.10886131724110593 0.27866462987137086 0.2988012353808317 0.897253468851694 0.5883403715139447 0.907306271407897 0.02545602690064175 0.47680907634783676 0.3169145683084864 0.7157132811558388 0.27206270792790344 0.6814201860670583 0.8639166132277979
0.7055698232028864 0.7924210458961972 0.4313069685188555 0.8401192784119337 0.4929382118945348 0.44821518694643725 0.3800289515156011 0.6292941645744283 0.7890779123763736 0.21305701561556345 0.24971790844820085 0.24050592978484198 0.14004148907236091 0.8322582026774484 0.7661291661541364 0.6801374923921779 0.338817394243915 0.4443600452927281 0.8246157279557402 0.33200104052256496 0.23943320832012316 0.9624717265198143 0.8636294403321852 0.37622558412974183 0.32933397522614827
0.9418888062956706 0.4099294072904577 0.5648790445398729 0.3250802846058011 0.03539974469445395 0.20383105838196325 0.9730218353369292 0.6203328074641088 0.41545927219495693 0.44924212125601604 0.46864879688631644 0.49327075979009716 0.440027154494098 0.8720071059464851 0.45388018662145213 0.4521863352008896 0.008858725747786234 0.35338192306356786 0.5864978365846512 0.33587087067794763 0.4217935235672954 0.9818151342285044 0.1866252708157683 0.21656469558645963 0.508966726401593
0.021765834936779527 0.8763768535915 0.9057503177347113 0.12276588320616733 0.6767223591604492 0.9995617582993476 0.8930732102420449 0.6743700565110333 0.8888801228964203 0.11474442973062238 0.3440672188638281 0.8208895160160725 0.9905387074162246 0.3432903893378587 0.02750076832791226 0.5990377955902947 0.5319995245146687 0.2331980474617863 0.4622465873744164 0.44759011064334664 0.933726177636378 0.981010936437137 0.9750910612377325 0.062047832260987756 0.597944951550216
0.26982391298669084 0.004812029684905461 0.6972388762514011 0.15702586760960446 0.4407262608377944 0.6715897109383882 0.7705212830903463 0.7391845991825626 0.39087933780893314 0.4247652553771808 0.039917388744042825 0.9264857252611691 0.3162348040925129 0.7262857508146967 0.7136333968473818 0.02892949871256978 0.7933158314038599 0.4951219002595174 0.7821597951992683 0.5099563625450535 0.4284757565670336 0.1327388702478165 0.8051960033143394 0.7830549591252994 0.026667927349085074
0.6761551859064272 0.4842969070027138 0.7149703074515119 0.8190253897643229 0.015721882169003165 0.5026606289110324 0.11610045894782539 0.244643584097746 0.2483437693725946 0.0887617762281333 0.7202426752062061 0.09026758353648812 0.9315260870946412 0.13903652130006872 0.2487307704517423 0.2849380634415193 0.11297116810743091 0.5764451564921342 0.21364933356225269 0.21910316930745188 0.013412582358185321 0.23659421266673442 0.4719552281824694 0.004216343389929711 0.8964002060566651
0.30817090567195315 0.6278335797613882 0.9980875721096529 0.3213578038751064 0.4766226804596021 0.45058179612738847 0.368169994010786 0.30398628287908713 0.44346531935522104 0.3364674450247931 0.689235700571853 0.40270483994406947 0.914113151560754 0.7484155961184372 0.1330357712989978 0.26125583104644634 0.16866007632835112 0.9625749954323697 0.525836120570317 0.7412822704407003 0.859104630282445 0.443753032859627 0.09179222883047056 0.8537500872146488 0.6178297560222826
0.24057555639178796 0.7522540863555349 0.20939061118053293 0.09889876424208444 0.6999917373495436 0.8728953275893523 0.8891485394198457 0.383985718715799 0.10677795137195112 0.8239151547875437 0.43096640570445677 0.2777969341368576 0.4645313306150535 0.8297754422201614 0.3638273818068235 0.5001439300683389 0.1620700327535044 0.1348130039678489 0.6880557008519095 0.3165538233388364 0.7847574054023931 0.5252363216437764 0.6907431713654324 0.5841554634599115 0.22332981753460202
0.2685608204624276 0.032085281896617524 0.3490188817589598 0.3072652207721348 0.5007253097227776 0.8454108180701745 0.5086220448872663 0.6972220077724436 0.08251670838658365 0.037694899402808346 0.10381571300806536 0.5417644365275232 0.6161103064030681 0.3356566639149724 0.6532992148036455 0.6307292001854445 0.543146031608962 0.9791033161497198 0.014355800836547195 0.7732522184543557 0.589196048899532 0.7253406049478255 0.9769026402514105 0.9201003404753557 0.9732049967977763
0.21140558992675063 0.8161868443628895 0.10442749196736378 0.5214272333998121 0.6433481918469937 0.10370115046511286 0.5851588245138659 0.20798467609145066 0.31665596361032766 0.6320119519629239 0.012859158841511675 0.8051593808180977 0.4117109465360411 0.8704795906431267 0.679164451782835 0.7092942119450548 0.5124044083205419 0.3240812543998356 0.7284824516537487 0.7269864379026233 0.06412900968560942 0.3204478356307976 0.8725775686581715 0.27389274400844177 0.7413379615641807
Radious = 
[2.137586125962171, 1.8347611518729092, 2.2461007025790094, 2.110343078245973, 2.0375672699730543, 1.8804076313283504, 2.056582187506992, 1.904378656608012, 1.9664497758327721, 2.1811561660706733, 2.1475041910903667, 2.1715438649388212, 2.0819607449814006, 2.0378803686084708, 2.019032468906035, 1.8141527589662767, 2.3310285056876348, 1.9675990738616127, 2.089474023260727, 2.184545705075393, 1.99145758862493, 1.8310836948512494, 1.9085012666114198, 1.7257495353714278, 2.091554139918708] 
Solution = 
[0.5790597652139294, 0.30211892747855384, 0.21834402573013056, 0.5569933868672976, 0.6823728472930668, 0.9926332635035181, 0.9627076321498808, 0.3803761710774499, 0.30482538103593515, 0.6156167760082022, 0.24818775292469464, 0.9370305542897013, 0.8944388928739083, 0.0341143174877695, 0.07541652518790798, 0.6821805279439803, 0.023713830484563103, 0.9794055809891995, 0.18825164162869956, 0.4656398473697918, 0.4418026024651279, 0.38163468549216384, 0.2423823589177334, 0.506213961029263, 0.7337283314925903]