Dimension = 
25 
Points = 
0.3669929073249858 0.9431650352015356 0.7016662885111055 0.8470566213916793 0.8619559749966805 0.4379773682696656 0.6670792061855042 0.2562818227023915 0.2751457172329722 0.560899841371443 0.3342890217133144 0.4312190754679387 0.1387293501668383 0.48462834377536623 0.21555765334808175 0.6978780701446968 0.7996000148283802 0.12548630601426458 0.14686824116541264 0.21959303063454716 0.6501742451199687 0.8610346715239877 0.6635441436452241 0.535835040756785 0.3223850560233036
0.4128621100511346 0.46771303754489957 0.7353274046715494 0.05535233755657576 0.8529466589418768 0.2265292152960885 0.6799846949523966 0.4226356855289768 0.6939683878762908 0.6608542938880609 0.055026285275407316 0.9816188169068114 0.9006118593947334 0.9330464215702018 0.3901852232226196 0.7681899144495479 0.966360702279387 0.6163037852379291 0.1375729435285764 0.4605282643889129 0.7903833308019149 0.8641179646231437 0.9176201519952415 0.43814060042022607 0.6351800999207563
0.1492578629160568 0.6066068429209035 0.29796767063734275 0.0029505191670107234 0.44873586362311824 0.531892596879112 0.4280264670836498 0.8433703851004403 0.9577703037514431 0.39705771631957776 0.8757045763291714 0.5920675390724114 0.7431080247875794 0.5885248168799064 0.29711469666871126 0.2794937039272556 0.8657323010264972 0.2790968514187754 0.537158001376146 0.44977831878346664 0.756811279370233 0.7056805560289094 0.7655878441392048 0.697315815750861 0.45422198244149636
0.8801398506376956 0.3256222901138023 0.015440953775919919 0.3988566006779083 0.8005620783303533 0.5652941878909967 0.6836054207082121 0.06364141018330438 0.396783395719033 0.3192403423794047 0.565034048560033 0.5548334247525847 0.9414523309459634 0.20504450175111832 0.6500037282775502 0.9623498026616737 0.5966343787057408 0.25242035847146627 0.21087856139077843 0.8884125429776395 0.6256600246807965 0.15763586414549302 0.7845543309023897 0.2585554989753538 0.5719357044856634
0.11670891457531551 0.8153691353804982 0.6277348792217275 0.3958554007005962 0.30195155747258684 0.05863243661153461 0.3575183795720034 0.21739031602895575 0.3438619088127056 0.5509412815576723 0.6189723470400457 0.17308001939829654 0.23349281329472504 0.13477920862533088 0.3710582771790297 0.3054003736139227 0.18289723756563447 0.6201308863540153 0.1047337638817043 0.3591982839623933 0.3154692067371754 0.4678062023890056 0.8413309187625794 0.002673512740163586 0.11101491543361364
0.30450713695653076 0.9060521328520567 0.8622612551520235 0.39606920436566617 0.31513112177292013 0.37724811599974895 0.3829752568936171 0.6838284460964207 0.7072191549805117 0.5856941240616106 0.8958743291655124 0.597978523196768 0.02679920444925854 0.7351405418833177 0.34584148738804477 0.3162172973096409 0.36409921313482574 0.6378209492952578 0.18626468893752068 0.9700680920165795 0.1150940928728339 0.9730473687790786 0.8778273968837867 0.28454562658193927 0.6669345625288566
0.14250785475133732 0.1252296295717552 0.3874723643204865 0.4444997974665903 0.1015508991182359 0.8626181382196453 0.4727412620079202 0.9784591281836044 0.1568872766350643 0.8679726865591055 0.815763083386244 0.11100572854124902 0.41943717997508456 0.20895246349055463 0.8272308725461499 0.8821361525888025 0.6704001576472416 0.9245413676387201 0.4611101485619302 0.09599176553092215 0.3651669018912195 0.6834121269064076 0.34429269406854046 0.138569195902297 0.6391599696186964
0.13802247654726885 0.8608310614834593 0.8939635973047674 0.24447787562327294 0.5989821475527639 0.4292323592113101 0.9425373666044888 0.4131381401546147 0.2570912497366722 0.905582121358911 0.25838260720310924 0.8734454063441532 0.7505758031761519 0.5418771519835335 0.1270001133183961 0.5510103559530045 0.5439032156632014 0.654857665106015 0.732424228261735 0.7579039830270305 0.1979160315063705 0.9873076848414338 0.08832947177498374 0.8482623877804252 0.8181442028068302
0.1575758278691115 0.18995410436619198 0.3717444277944041 0.15417941712662253 0.4284244267286813 0.6224396099408602 0.8384214732731899 0.5962116366289696 0.999771232718748 0.7326597716504518 0.25444842814220114 0.6941513678754766 0.45225361869085634 0.8399561571180477 0.6106598385774863 0.7075875709885132 0.23720145411883709 0.5348082898134382 0.6670019985842855 0.4282903974989899 0.9033130471294368 0.8656894676315013 0.5330991077899737 0.059806933083110914 0.39971409119665924
0.09878876502794831 0.5546353341712094 0.26418751964432863 0.12497275105300676 0.5714748535339159 0.6365068982842675 0.5508846569021748 0.937684637978999 0.26675276517442603 0.5976428706188363 0.4836119889199646 0.553118776108626 0.5238033411729599 0.2847964467641625 0.6233335283233553 0.7121210672647815 0.9330066814769106 0.3128451057582179 0.2423448439497522 0.4831616673228355 0.043505912190106466 0.8086851701602569 0.4521589120287015 0.3425534921692812 0.09649149801537882
0.9545663963437965 0.25194832568781134 0.9778950798096139 0.03685379620637519 0.8607992253406913 0.2851012764591587 0.8961746377263721 0.6276511914151067 0.019222306501590958 0.7230946666336668 0.16683663098261003 0.6823453102852225 0.6969084670529448 0.4853565056131238 0.5127972431951764 0.15990018791248517 0.8823883981717201 0.7514527142854412 0.1237341279218368 0.7835333541156866 0.23553186038180385 0.44238092409126384 0.28216870717198583 0.3154261367518436 0.6992591219402668
0.8068498836966239 0.21510478747251205 0.7845144989646382 0.339493284709685 0.5421016843267347 0.9531822570520851 0.6933440976665647 0.95930395730476 0.9816209158836402 0.5202615681689816 0.8247057197063209 0.828338548831004 0.5066978241343179 0.5522492002987892 0.675678555722246 0.7797641842310601 0.601131927091304 0.8075457021855414 0.28270865884319885 0.8372662370311137 0.5773814303700385 0.6604211513566293 0.8660505697664447 0.15298877876586758 0.8539675666906674
0.17860498204452024 0.989877534035311 0.05431920889173936 0.5524742711653533 0.11794291575035021 0.3493435255952537 0.47013833124407933 0.7303226023682967 0.8117595779503702 0.4427268240864267 0.1605534387123958 0.7957641723434636 0.7043652207111087 0.15883567628786688 0.27682204651136644 0.9967855151425643 0.5596825679249606 0.9934160334780936 0.6824575383144745 0.7224484525116771 0.8457617183379615 0.37032464978702284 0.6547380610072862 0.5827697916296803 0.30437606191176014
0.8808042971998908 0.05418336018217229 0.40876204241846004 0.5643953758915402 0.5873868051222091 0.5250808309560688 0.7657881965005803 0.10615468023924801 0.011276164903745611 0.5590451486814628 0.7310296103867012 0.8819870631545156 0.019346355576377317 0.6875241165745011 0.8806107511667525 0.36111016445093136 0.0061287956061535365 0.913516359746664 0.1744529734277337 0.6785506783648856 0.956794046938099 0.05103948859983276 0.16229964113540707 0.3274950565054928 0.36832718664410946
0.8502768161206858 0.7221993609490126 0.0500656320103281 0.0930229178224804 0.9945825611763706 0.6786118008022578 0.13395331822406842 0.87991457869808 0.24638763754698023 0.28347529061158594 0.018360542011481407 0.9844685343214257 0.7861367126957032 0.6969952692504496 0.2301474134663558 0.7239116297676665 0.47437303051568713 0.008556787587886916 0.6207353732646755 0.41294395511351656 0.5043419773193811 0.49966191156676965 0.03798599710307138 0.5697991153775378 0.5017208418950642
0.03609247402704008 0.26764993288222283 0.052570000308751585 0.3196268509337912 0.6564387959886314 0.240540778011068 0.09053357868603851 0.4635608924665586 0.40014271685112746 0.8540592719709441 0.6296127795566699 0.4787134932572157 0.6554225796221531 0.01695260630883777 0.4806590939069202 0.8812858461835712 0.6711528271610104 0.039931849016950904 0.5267430249701416 0.9079316074857691 0.8206578480274435 0.46565152948914146 0.30586204597276967 0.7350969640394911 0.2678506715440345
0.5148095942723099 0.8298655039529979 0.757922920224812 0.18055639519024058 0.20994177582204676 0.9669401582531438 0.517100618319058 0.9408411051407933 0.7357631602429343 0.41555482780614794 0.5088095187791997 0.8202812859852578 0.49989185915766476 0.4660926808539565 0.5831423109619023 0.46989130237865984 0.39750421638630173 0.19973899265800865 0.9591690707952011 0.5286922619123837 0.9162639546558721 0.7020525095467101 0.8305093619370455 0.29271351779450594 0.18806741824901674
0.49973838903416956 0.5422059679021005 0.20098246220193206 0.7687368105886041 0.8608320537220775 0.3168526040759715 0.088247097630066 0.7128932282514269 0.05655832308734854 0.7295941930192005 0.7873399720727714 0.5892922518560381 0.6246115653269448 0.7658071928121024 0.3088261738128685 0.7356165128985545 0.7696547254142366 0.9364700446421435 0.7733414731907956 0.5766585070786358 0.11346483948676955 0.0399154312004919 0.4949112650015095 0.5227749332628402 0.6600539774306815
0.07402988797403998 0.4303100562719666 0.4387761494954031 0.5271226343355545 0.5954969767201074 0.7389344617295592 0.8538289240702687 0.5809776253643023 0.5743856246084381 0.4570665382119252 0.3294874080101723 0.7198195957500539 0.3389012656182032 0.37003908154565446 0.6003071690716018 0.9542762185575276 0.3486772855332494 0.2046006713580666 0.1727466947858044 0.5871854825467635 0.9072392551361188 0.6515339888886856 0.316933634119416 0.5570390475537937 0.2743285943908135
0.7880915304449865 0.2953511293975324 0.3236444065715567 0.7072023942805894 0.652627962578899 0.5288454172369116 0.5404991321380492 0.5255951625395828 0.1644139294633723 0.40014390407439837 0.46061128920446415 0.39057966760729534 0.5883338986249984 0.8490759086233647 0.7527675912679663 0.7501095701910373 0.7059648108259142 0.45103034358034744 0.6867219298851304 0.9057226391232268 0.05810237628610804 0.998272168539949 0.6583520689346312 0.14925890815189213 0.5790573634264937
0.17623839359106264 0.6628171272347191 0.040927877817832914 0.47229388248051385 0.993026096217912 0.059289775369392506 0.39113146919069375 0.6159669179734161 0.4630596991196635 0.42907065101870756 0.6619494969405801 0.4517740304156692 0.5345173528740186 0.13210214930586894 0.09777926557267558 0.2001286786843809 0.46855859410570333 0.6661292235935065 0.7427107119887022 0.48717910692336297 0.3551462681960944 0.8586319772709573 0.3411344678321937 0.73539228634212 0.48747046549097006
0.8835392057218611 0.913053795999787 0.8833182969648457 0.7256872187525919 0.46467078665681705 0.6525083381569358 0.06818427368137292 0.0007973293634423451 0.8053919843851365 0.37621598818637814 0.6444004988344542 0.01840693040526864 0.048736657368921854 0.33325962391249786 0.15800739236312822 0.8409182256207259 0.9935167597278708 0.38153208589620646 0.9054314229651086 0.3163981711754047 0.35810450084954404 0.8130065604781683 0.7919583452032644 0.31945535938725833 0.4993111054400129
0.8159907588275479 0.24265121208253115 0.6250078849043352 0.9487468210511056 0.6032534883675658 0.5537992446820341 0.013523219023215183 0.5615589714001934 0.3700057630375617 0.9635122044262657 0.9622212675226512 0.4140092607590615 0.9810419072352765 0.4071898534660402 0.48302872563676136 0.5644926717901814 0.8317868851335711 0.4604755745443865 0.026681338163028534 0.3621370528292065 0.04249047485204682 0.014001971186891504 0.2636171612058449 0.7994519972670696 0.4585779343205445
0.6289327567936098 0.11581256392488526 0.5386612207463831 0.1229460936039124 0.535997486538586 0.18925914840099534 0.17303898545508378 0.8332426408370012 0.907753531217615 0.003621638126654836 0.9990225655353331 0.26595560144640873 0.8518242780441964 0.44099216958252785 0.5574213103390863 0.9054650774728601 0.580045242700263 0.8104021368643217 0.5211928960212724 0.1792972919334217 0.4833650608836969 0.2911828826324335 0.9725330039976019 0.9355377072845186 0.57534812207766
0.783251487322507 0.8691445081760554 0.24579675414159285 0.2103858384154449 0.032291514829528745 0.23295883882908486 0.18737048456189154 0.7482187374466454 0.32573712469493343 0.09454703058556269 0.5586294382390752 0.2640174348522719 0.36259291580997566 0.2511921971998683 0.6757825527420491 0.802550459688938 0.24565347345344835 0.8617360781541434 0.9343795219923317 0.6369280046888977 0.5620208601717244 0.6132034076011802 0.48140358731191324 0.5442863885858829 0.29117005143709596
Radious = 
[1.5671857330518772, 1.5986210602559907, 2.028213681651001, 1.8523240921402189, 2.0505881590227206, 2.035607976698517, 2.257632091355992, 1.9837607341494625, 1.9852216218867544, 2.149332267037322, 1.6680913063515566, 1.9049340362987832, 2.097413091767144, 1.7463869825330725, 2.125265058717823, 2.1112595559324423, 2.0311907299861467, 1.6132404260032776, 1.9147557178057988, 1.7504659057353473, 2.0665660454367845, 1.7609034723280463, 1.8191627482596449, 2.0584667322531414, 2.034782954166505] 
Solution = 
[0.945822588092927, 0.6700750544853621, 0.9811833610333137, 0.6761669283609011, 0.8917930486640661, 0.24668275964386854, 0.45651220664174763, 0.10363587476807268, 0.40165086973847874, 0.7405621289672911, 0.4939196467068818, 0.5341920014299119, 0.4271638207616062, 0.9725784106200803, 0.6374531122060212, 0.6248023838212428, 0.9878004118871314, 0.8062438741243403, 0.5465426546316259, 0.47751243588510917, 0.9150971432617393, 0.2351475307300146, 0.47807892339368596, 0.47866504296018797, 0.4648738564969914]