Dimension = 
25 
Points = 
0.7033180114912827 0.12674792620719566 0.45308427054239075 0.7622191869326987 0.03244737286052635 0.31242386412360634 0.6585136246272137 0.7644014949422261 0.6734739083087307 0.657031701701716 0.1872754206516294 0.642832760057726 0.6111312912900012 0.6058204741652065 0.21804631809908703 0.8197703375412291 0.49337909193582496 0.07327511356444139 0.063261035590649 0.1738126244051995 0.38711597175378387 0.6172990752264927 0.2262474094035889 0.15953316183825683 0.6876232211049154
0.6370193223531203 0.2445204673447292 0.7579878630251699 0.3134461514340787 0.6232533774182247 0.2501383541907293 0.10335490659764501 0.610823689959006 0.6311615139237796 0.8425955682512589 0.9507150031803431 0.5609701240259714 0.1906403126884586 0.7635034384622637 0.24757134004410986 0.3521381889193026 0.7833105042676163 0.9695986181207809 0.9789971659136587 0.7606982825551981 0.859276480762203 0.5371576612660215 0.5649906957870507 0.4692769178825026 0.545008884551452
0.3272645149921718 0.9343999474013575 0.3545929296397359 0.6559837277410823 0.7540980619627423 0.28503705110151745 0.7490840962908943 0.7926618911721769 0.4181832912821426 0.11036731345621653 0.6187447597962915 0.2955312523007887 0.8419252369529646 0.272078697970375 0.3347847664504576 0.5153663493382717 0.23491396579181 0.44657472371323015 0.9596355742283774 0.46381038033395927 0.23619223391711897 0.15434231198499304 0.2623823662700606 0.529036934892868 0.41972847628939913
0.5852293403627562 0.332015050391384 0.3257861243967187 0.8707500807490203 0.12522913912056877 0.07374601933091329 0.19373898122047517 0.19541435355078174 0.6511447278186299 0.23110514760801737 0.5930510727156229 0.6297439542107162 0.005230405643535718 0.6311334908026909 0.9954159597972223 0.40372661699236556 0.16708654056547512 0.47775618475305504 0.8140605714242999 0.6656450055901542 0.6578112151809883 0.5005351833528423 0.9410886276045829 0.5136856626060912 0.7787107866782226
0.8086877200692703 0.7360543266928454 0.7840770307888371 0.8933731298857089 0.7620992631264959 0.7959668790974941 0.4151266894712229 0.9045996295591024 0.7378392148006703 0.6612116366997203 0.13384354353095884 0.5851085386645525 0.2897591148655265 0.7282756617148766 0.3269152568090572 0.23919982232674253 0.4321971618528754 0.22234047260554157 0.27776549329598776 0.8200116028098071 0.9322406199580299 0.08277472642171757 0.5219225428594216 0.9483944653348114 0.29133389721918157
0.6924629587881019 0.6313737437296909 0.19589855162124248 0.04501974300171341 0.8241147453398852 0.2912534801093587 0.7067160675850528 0.39622539024803627 0.7464423311621436 0.3475237266878315 0.6255884151270477 0.8780181460028778 0.44519281941915345 0.8341515091475652 0.5803100630715445 0.5885225358141797 0.307135607523471 0.9038986949753622 0.16589846806017539 0.7023679475430208 0.14039236081170625 0.715056421597058 0.8123358428647206 0.7017492067055479 0.8401199416075814
0.03891528531624 0.13135714787796948 0.587542507752 0.4898967172965497 0.07367701274501814 0.16679783143734772 0.3721733149543808 0.4287638524770896 0.4163075251993865 0.5499945856780246 0.1700562695588418 0.3971576196447959 0.30655636828058674 0.47153072456705314 0.206277229669522 0.8358536405725198 0.4874795919666679 0.22278951959409354 0.592619206589807 0.8363334574466101 0.7996472219060861 0.780352334986403 0.7229189447939522 0.29262671437203525 0.31221367740122064
0.4066841594409393 0.16675238019773087 0.7414266594387342 0.3516473690387102 0.004076490217522655 0.2575625545312564 0.5251946166505291 0.4692245598546887 0.17120708262859718 0.43319699071415274 0.7061484523301657 0.5139108856786272 0.8541261582967481 0.4657971431580462 0.9269482457210629 0.5656861961576678 0.21412668880723618 0.10791729357826096 0.09725870127980984 0.3748401139154446 0.2705614303688594 0.5959649273164572 0.3389095913668575 0.17344524038370923 0.8655987160169512
0.1521527952904953 0.4731595975443801 0.6376256627000765 0.7747261271747364 0.6274226906697437 0.6570743084145744 0.7480426541846286 0.08653431866592187 0.49425132314854237 0.5543076482098962 0.6219880019567713 0.8381928532889842 0.5861506639530453 0.4109888372551529 0.23804616823186764 0.9448518452873046 0.7155973747741536 0.3268665893213726 0.4457619449188386 0.41748598269671355 0.6116830837387711 0.07941626068514052 0.9938968985536923 0.5766869558883255 0.2151692414735512
0.627691428643291 0.14111083771195587 0.14889380912082317 0.9602136114280312 0.8112538989721384 0.9728033080306443 0.9760585941269199 0.06357787217651611 0.7468500588978304 0.42114262358688925 0.3878246437496281 0.7197586638294997 0.1647396497128979 0.11304545679865274 0.07114422372532025 0.09110940940515289 0.5531877189427574 0.3792010187694461 0.7199935883463451 0.9369672492984082 0.41823305831177326 0.94119909471556 0.23891781980549165 0.24183152123342222 0.5816389870111965
0.926077781815577 0.23121838794978633 0.5236842655337419 0.5616477876243426 0.5890169382177031 0.28635613956855244 0.955114120981144 0.4339482787302198 0.7061003244736502 0.03928147405826998 0.40509678502087654 0.8571169743720527 0.9905938822930405 0.2742357185239336 0.9191603283949128 0.3620542523832685 0.594533023567204 0.501751948573947 0.762722013819592 0.1489888053626356 0.22030018718111122 0.3541714385200916 0.27564270361905396 0.7110769128274806 0.8195368307648042
0.543466970078532 0.5062549565945874 0.5429831197132365 0.49807281534767156 0.14494580453426797 0.6126286779741719 0.32873504479842763 0.6657969507245171 0.7646508715280486 0.9774170742997396 0.7931360770007435 0.20054092938927126 0.9441186859405061 0.8183473082952339 0.25274410960951577 0.29437014431576936 0.1958260351325264 0.013380413976986638 0.283308628520646 0.7998608680274444 0.7676346628504621 0.7139984378473576 0.9648683592233516 0.23522844975013735 0.10369671199910935
0.44559417173405846 0.20280825878063913 0.7317148059288795 0.8911838856936973 0.7900824613823466 0.33102818478550033 0.5595058178076023 0.665390566729619 0.9080458543816493 0.48621883874157457 0.6712434715430537 0.8934958089805977 0.17248699425122271 0.93671842879899 0.7684056462536529 0.7497130102732096 0.7489351266299683 0.33290901311213283 0.2565317302576019 0.5769181773594021 0.8886352704068213 0.9881483509577184 0.6970319978960888 0.883186143208961 0.17915622556447908
0.7417822945021079 0.9806783086743568 0.4531785304351251 0.7933691172105872 0.4974303125193028 0.7272091286440693 0.11187358136684 0.12165946456583743 0.4322467706888171 0.43798619037447306 0.9435985380249077 0.6735088439866557 0.28341354385980355 0.22423897204877152 0.24440274385841132 0.02613725252133814 0.29639333192107964 0.1941801988564824 0.09347564467240033 0.41295070161918157 0.06293443904789908 0.46290081953141093 0.054986188473271747 0.6785216378333999 0.5329159383299398
0.5029466330324107 0.3834374326651325 0.622091904172705 0.9396465015646074 0.8730194212682254 0.26051186737342447 0.1907221249242954 0.5082302519067161 0.2219449871457102 0.8001871050095367 0.5578066906487549 0.5426205361121503 0.4390112490574324 0.0014101663724426228 0.7924533458702986 0.8474280144529273 0.42122551375420725 0.010603654161073561 0.3294589034192065 0.4411643615792896 0.21139951794288048 0.06839547835660709 0.792024330777382 0.4316820106993007 0.09213820153516972
0.5382994806213667 0.8697930707717519 0.6289113110189462 0.18961208211081493 0.43021701262359713 0.7936445387097277 0.37097988517262126 0.1604220333692017 0.13293565338191193 0.9048453317641308 0.40654015166681534 0.5304804270493982 0.1334062346762238 0.7504743530201432 0.5064803115087414 0.22687555103429868 0.7680800031523475 0.2413879646390682 0.9047127072840486 0.04570004807043193 0.8270471265427797 0.7236954903001026 0.880928819708719 0.04997041606773878 0.7025726596309619
0.2876635141072674 0.4160172526364757 0.24762169332585338 0.569691851776915 0.5610796757265201 0.768164862606599 0.19931749610597405 0.8134887275303494 0.44574456989018396 0.9104744001487416 0.5050476091249559 0.5953470068707872 0.5240176640051618 0.3786349630826805 0.04633784769363347 0.18189495295678826 0.6335112825704813 0.04515768171114054 0.48345597003934193 0.032276399127286304 0.7688499041825796 0.8582975109744111 0.36886779655284707 0.32225481881839335 0.8915175359751174
0.08261578753074461 0.1592664643198065 0.33181446001411286 0.9449424684743682 0.9100093187753265 0.4938467626114833 0.29522859923407574 0.530841252703972 0.4366343997826887 0.23679569158236713 0.1796914035991165 0.4169783002345161 0.9724299638128464 0.22859625522049898 0.8062827151686005 0.10699172128183765 0.995265028451174 0.6554365758065989 0.6657694591939801 0.6276678091196257 0.34810945202718424 0.640708732263345 0.4764759567137117 0.17993449927108962 0.5856868540773911
0.026750032352191977 0.7277303541469804 0.023150249693543734 0.7342358919146901 0.7432576788469493 0.8075424234246482 0.7439511246153165 0.4871576293122596 0.8741094901517881 0.5007389222844258 0.29386536448484146 0.23043159592444684 0.5273936307477586 0.11189871874347923 0.14471357370691562 0.5624304115062182 0.1474001975004744 0.2398088611797976 0.2529064322634407 0.14500023387771255 0.042546641724652945 0.8861146379536287 0.5921025011868143 0.3231601499737017 0.8104140487499811
0.3353393345423614 0.8916166860813294 0.2929955394319166 0.7638250919444559 0.04515658599646355 0.3983919639097421 0.16343340481714808 0.8125645672691745 0.6709300423212001 0.4825173388456555 0.903619100997572 0.1356251289361322 0.9213953706653255 0.23508234616996104 0.21950351072384455 0.6744683490499565 0.620945479649311 0.5004619385771708 0.1870402461036591 0.0022849553414068247 0.1987630720654857 0.029769814560521968 0.42690392329580207 0.2733044675804954 0.461993512905608
0.841615580321445 0.7399701989340051 0.5678644623495012 0.5236974027611324 0.7055324263649263 0.1614740040085345 0.03678548278356253 0.610652318886768 0.36317554697156407 0.9043498330692219 0.33878273974005 0.6299074486983429 0.3688107231438983 0.7305644570749609 0.8292792562477274 0.5537237031647936 0.45610649507314704 0.8997026360287279 0.6413523612567309 0.5461920603592333 0.9707917272970444 0.27307489867042445 0.40623828886996993 0.35195853318278814 0.59931581131935
0.32298682619039665 0.13011674188325828 0.21967600993547065 0.23605381320059615 0.8053407290136372 0.4970688766638225 0.3099474509154554 0.8136240419011581 0.10087519920415366 0.7781664794696274 0.0957926649465497 0.9002668535358301 0.7081500055123997 0.8880304561477924 0.1527499855598542 0.05764468775503995 0.8221372600279525 0.634143011266224 0.23801302587989026 0.17001840920372102 0.46019127169339336 0.5513131029266175 0.8648039065771871 0.9876065620830597 0.20299410893008896
0.1725567713145172 0.5980466236414773 0.3373188184280954 0.10799597451877374 0.5666881543633346 0.4674224037018516 0.36656809737836604 0.40521474883834097 0.5744443224650246 0.2827176157337029 0.9062978505487298 0.6899269964384069 0.3172258543516082 0.24110507322197305 0.1743045453632055 0.8289417639123726 0.4729853481320824 0.16804013194769718 0.9070543120425215 0.28618671689504604 0.9380763734229175 0.637881054271212 0.46092036094352085 0.7298491346487587 0.5976208313309874
0.32185031647940865 0.06023706485947822 0.7379489961100493 0.5456392934368509 0.22534258329837553 0.3837066859547925 0.24153353273164613 0.25864382974910405 0.47420483820342685 0.7408469678279986 0.054908121601990656 0.5769520876682134 0.2408107191807599 0.8263926471345082 0.9869211554684911 0.5504235240376663 0.49674816285089485 0.44667005118324 0.6786056340271852 0.7675101773449503 0.69561311247831 0.7217623298123813 0.7416525340446347 0.2539558078016957 0.30191086326739736
0.5717366805930809 0.5440015488900029 0.6910768509400327 0.6558457491460024 0.5709275557547011 0.6742407796949991 0.7004054557500086 0.20939205699187147 0.9998072147329012 0.3382869721089604 0.42468145680395186 0.11138669944534718 0.20996685246103797 0.6363673005346103 0.2779370767933562 0.09614902671772463 0.2546549176608419 0.36499105302263346 0.9127895057682238 0.6731439739312031 0.9647985481569445 0.39310001407036865 0.5062563702074361 0.3173435939729816 0.46064599303554377
Radious = 
[2.133492536409352, 2.152634237143405, 1.821110946801308, 2.086850925240469, 1.935070974745364, 2.0318586115720163, 2.0312617168764033, 2.205761400444078, 1.6589406695298565, 2.6649657017127577, 2.0569808064616852, 2.2509549623282714, 2.1263572122172967, 2.4124146084636693, 2.2961858791479233, 1.9341568328673202, 2.082977366008063, 2.0803509251918157, 2.1405692012597415, 1.841688753589922, 1.93824266577357, 1.9707413465874655, 1.8709308968463911, 2.065385971410229, 2.0100565766517877] 
Solution = 
[0.18006109171037643, 0.9494444148971855, 0.5406780015566952, 0.5838258065854396, 0.2519083285060131, 0.8662180385018854, 0.5114810682329315, 0.6919380219409491, 0.38854706536009787, 0.08877397849858126, 0.20890310436122173, 0.3163876860272501, 0.735714655772212, 0.9600872320273786, 0.4770410869401648, 0.8611346369298795, 0.8622365970186883, 0.7634421235427866, 0.6313033660153473, 0.0896436991627434, 0.7417160168485388, 0.12791830370968338, 0.9872141520249281, 0.9094709791651288, 0.7883275547276893]