Dimension = 
25 
Points = 
0.45281138953951017 0.851582631899346 0.47933112858136784 0.38671917422733304 0.4037795577137907 0.5499194654829342 0.9310200519918487 0.2328129301898727 0.0056426252106366315 0.9760552190505907 0.4944186120345585 0.7800537836091354 0.13750976207894838 0.4524906878132584 0.8371020680470089 0.7656226664768119 0.21729497655965258 0.697688644731974 0.0018085251471748887 0.45065607110717987 0.41339627299475046 0.09273107861935159 0.8766940840575693 0.785750672297656 0.5788458465369358
0.7069296849375915 0.7255425916389968 0.09899164448462416 0.6997899907040686 0.027530118488864663 0.12537432493466882 0.2300740718176254 0.5954462619519517 0.2091478248236901 0.058122620026488825 0.3359548726661232 0.7653906134401338 0.5252185688685125 0.7000945226709026 0.7323056930020999 0.43031303928260944 0.9842482732961122 0.18116340175251666 0.22484369623364253 0.6231053445211321 0.3015429714288431 0.7559808263817248 0.4131400634664373 0.6343942715498219 0.40231174065062414
0.8207974805980116 0.24474551707256953 0.8311258315268729 0.671636306926146 0.2943260109437372 0.9984778049293049 0.4195388181667242 0.9227000363333414 0.8811394661348733 0.0669204575097534 0.5764623911438841 0.9129855373728103 0.5193818515067034 0.6204675155617864 0.5900285471623962 0.28052799645499116 0.5622947295225988 0.8174322845601352 0.7908000322610447 0.9854899975313771 0.7714848447191164 0.47288194670074757 0.5380013376380225 0.86578010966961 0.6437715356146896
0.990352633773446 0.05281118237908122 0.20215650128633034 0.22158009734776485 0.46640477028982985 0.4313568937700454 0.38242708212049825 0.6677498995377764 0.24922681162341453 0.5412846477178487 0.13314566956206486 0.8894648396589948 0.25738151305708656 0.6449666718840157 0.9166561384517814 0.25008729552157216 0.8666200164259191 0.6226807531910227 0.5772839850415333 0.7899715021754308 0.4547483357067683 0.6236800185008573 0.01763888300888039 0.05749932654546308 0.1732759336709272
0.592500340000509 0.30186227478821914 0.3713376447648846 0.5463618067200304 0.32063973926541933 0.5858093859005038 0.8500935539179668 0.8962588276213176 0.5791949911183668 0.42894204834441096 0.980576751260657 0.288148177724445 0.5040933106755332 0.7953865610146325 0.4615744769991169 0.7398908622312578 0.7548008194279836 0.6664618011163077 0.43468176678430037 0.03599679733138217 0.08690781612311815 0.692590043224429 0.5866004974275831 0.2611259266006901 0.6896441516159575
0.8563983880608669 0.8756683402282694 0.48756055369963336 0.11598131306164983 0.6383019612203381 0.703574364144357 0.4632009141518102 0.8317636015673509 0.08913306802668164 0.5772914734317929 0.8406095589213074 0.1883800865213633 0.01108071780268527 0.22867900045576606 0.6684217075073321 0.5172570389471022 0.4360459701203947 0.4291247081006596 0.2627378921213892 0.6522399781967059 0.27042160364881485 0.5617703046995948 0.04216513001343014 0.11984589682511804 0.29262956747507896
0.3087672313974088 0.9295738980356738 0.8407387841968046 0.9118419282354147 0.8063916736481429 0.05292947316638519 0.9872752898632514 0.3481348830329991 0.6606059618257346 0.05323110923733676 0.2949105585669355 0.3021481882083662 0.42676825589515377 0.21864321686067845 0.8938552094586176 0.6836822037652972 0.7134364336278151 0.8921363939149135 0.4872345044034927 0.739798723018056 0.017787169477111453 0.5424584272250191 0.7254888697092942 0.06229889090821161 0.5107058714727803
0.8330904846626099 0.9404350446902519 0.7170419490331353 0.7826263339641472 0.9504012187867619 0.07193935301515852 0.07569022717764218 0.8525128155446503 0.819572148032056 0.009876854586310713 0.9036874935265872 0.5055236760067114 0.7177410566171557 0.3773342354491861 0.96461779499091 0.45229275493547194 0.964111573671065 0.43790649161241213 0.9619298884369255 0.5160196733377004 0.6736587227586328 0.8578026731976179 0.877728043417152 0.4580255789648007 0.7001495713848188
0.60425737431082 0.02523371242811534 0.07559699504030137 0.23536453910940458 0.43191023518278737 0.40110953159829166 0.6248716727024916 0.21936392711709884 0.17709700434420028 0.7835099391266115 0.5451270047122762 0.7987093258059008 0.5981592775233073 0.943244602100627 0.48071639492306606 0.18247359973557142 0.741118501567293 0.18022482661304962 0.8788335365484093 0.5237224431873299 0.4031159788198605 0.4307906068573647 0.10709904307361207 0.8881882615796064 0.9452614234648138
0.12147421768034483 0.1612386701697761 0.6937072581655881 0.444500840119356 0.6140326290999548 0.7122527831259604 0.7319610041973069 0.8982698471277754 0.44667611703305465 0.22704293713284018 0.6880768661903361 0.1326773788430674 0.3112482896744537 0.5863161407253459 0.0036390507630683633 0.3713207092577858 0.452530051236978 0.642819263209316 0.051103331762653914 0.9856437275984833 0.799838341876607 0.1850250458116709 0.40405435704573134 0.45024356539466215 0.19096836003053186
0.8963117211379344 0.8635282562555103 0.9337036659579384 0.25454977828332903 0.5828408371403493 0.9183954790860315 0.22459894997987273 0.3375948732926196 0.13435056358478992 0.44078836028846546 0.6546786648197954 0.2024300870082184 0.2440287073055455 0.8432788503655305 0.8299103498033847 0.7109483407110522 0.741972352981195 0.19930968704914542 0.7203439682554271 0.5610425058441916 0.1173490967988553 0.1463510044460714 0.0030817372284701605 0.9663678363860209 0.2562265815520941
0.49706548592651323 0.45697430727026367 0.338303931935093 0.9237035155832111 0.8411500993247406 0.8653016490562945 0.4601293137795869 0.5299688874076429 0.09514785117140767 0.697662800282538 0.08749082353097026 0.686581340677819 0.5074257976015062 0.3156441168724049 0.7856543653314354 0.5782586758184487 0.4207978713132088 0.5116954087522774 0.8573477964915516 0.24857106520553707 0.3087931730224065 0.10332331260933691 0.6732465996207495 0.9705689911150609 0.8329261189369637
0.9089363946598747 0.038344519723003345 0.4231220409612132 0.6483206198493324 0.03294005413354595 0.7368545207163631 0.9550951561029652 0.7704947985117612 0.53108373196005 0.5824596567130236 0.3824346564292843 0.011787257368860993 0.7262015982445076 0.04944680910775734 0.643154715613774 0.9207310848917871 0.19411716068884444 0.09490455758701566 0.23699804124148427 0.344941021917212 0.8132439340292648 0.9940938030564033 0.2837077519707659 0.2557062710581408 0.4582280903913105
0.9045080626868692 0.2369580128939579 0.773126257580357 0.5863050727038955 0.5711739072347459 0.1903156847030678 0.6832437725664725 0.7993143021163619 0.09489433642216893 0.5847689471637975 0.5608228357184658 0.12957241170245337 0.8261119114586468 0.2710937867663632 0.9297776918143114 0.5847516114583459 0.9322507821335823 0.07461529446839599 0.8364456957536442 0.2561413965959759 0.6950805495033314 0.6286516071001699 0.9199843029893092 0.44414926866155235 0.438623764978181
0.3778000199996725 0.3733446150657638 0.9528536609589952 0.5634198900549545 0.8041042447507923 0.28846146078813706 0.5793710997815479 0.5795945124394786 0.029953513575983415 0.3458862593243299 0.7992110330944192 0.024067324374979826 0.6529727119517432 0.522859537335296 0.35965735543640787 0.7771163144548562 0.12610665839809665 0.561695782685347 0.7635707821452616 0.7252931104953659 0.7830958141286158 0.164524996364958 0.18604285246382768 0.7070816190411723 0.9707177637521266
0.3004063665870338 0.8448259193376796 0.642459710892535 0.14932197946476644 0.010508049624752491 0.9958753347211553 0.6658355916507926 0.8607942203115878 0.31108722657440413 0.22391027249159745 0.911988201356614 0.7741597898840462 0.288807916806454 0.784283650916526 0.6764379251642002 0.8191005875726928 0.42849952588248896 0.962710374270084 0.723552992624594 0.2559700711129801 0.6227407156198862 0.23183643089826234 0.22764979599062551 0.5290292251989762 0.05600270959724707
0.14741997892611158 0.46069640628177533 0.8122789024872293 0.6726948444885751 0.5545387218233171 0.30688513645444937 0.24646001016475838 0.08136932128501206 0.006804692615430485 0.8475246928929796 0.6206615272741766 0.5781882289999837 0.3044535022376772 0.39942596546201414 0.324935491472216 0.7590078762640105 0.7505167109133613 0.7380897881851218 0.224937382143527 0.9926358964364577 0.19417163375466495 0.7612909891013984 0.032308774766259485 0.7085434010098841 0.932422121691082
0.6861064549046392 0.8479814314119432 0.446562429219037 0.27584539167693956 0.9319266856744086 0.921353261194487 0.5484032226841413 0.6880367762516164 0.9673761263259005 0.14554166476278763 0.3863169186288885 0.0672514055133967 0.0479187720663774 0.5681475947918093 0.6416081096617728 0.2232804336976174 0.18572536448735344 0.9864740658308793 0.7879744362363289 0.8955778674876542 0.9487337041540534 0.11118372787474662 0.37857070932499837 0.08369243577893093 0.67067214777438
0.608214414033715 0.7821327126706457 0.8200367284161165 0.40793485830620224 0.17576124633378043 0.15963583913862123 0.2595408048956911 0.6939947389071974 0.8681278741766296 0.25702682572687197 0.6958073597490485 0.273930879165031 0.17315783397943396 0.39341884520475545 0.604699119624994 0.41350815624275716 0.14323110867165045 0.43210170774886936 0.37765833105601665 0.3592442822548345 0.47804132190535453 0.2856019091439035 0.5683270388138327 0.34421448804231425 0.12997102299727015
0.06479852420755461 0.12966292370428134 0.4042169140789592 0.2121343537521504 0.7931654245221846 0.3171574257558105 0.35371645883620384 0.3411167755874742 0.07076910253417845 0.7069338601234446 0.0027622979571853 0.5403093878849542 0.9670041186880918 0.5850007872972012 0.6925658457223473 0.0007775782797295738 0.8661693124110995 0.3462876576024303 0.32103796983372823 0.5179726367097783 0.8812504112812505 0.898823102436502 0.22560780358446875 0.7122076226633772 0.018452684722978563
0.33746387123425825 0.2884463471731129 0.3612073289780027 0.5302531891390772 0.9548052021347163 0.734925801725137 0.7322151401532206 0.8459976879701604 0.9508206211959247 0.39407972676907643 0.20527503076118292 0.7914340287291356 0.06292417329934274 0.9306271915744632 0.5431729359601065 0.6950769542758122 0.17362327956843338 0.564616722014265 0.7613028913362825 0.36037014108037824 0.6876118706391654 0.14554789929387024 0.009436006476474357 0.30721358538843757 0.007478973790367549
0.9996183011442271 0.09887091988086927 0.3037025817848724 0.9945510812122546 0.20943359937309236 0.9637926370863553 0.9705894325066309 0.8705247670693045 0.3533970540246586 0.945481161222766 0.21275264534964078 0.5556223329963295 0.9760540208408137 0.5944526395079559 0.8182986066644986 0.5010579032774268 0.07792295799403759 0.5705205145571716 0.20550357726027202 0.9810170586821565 0.20153381756800914 0.5854781155827342 0.1576276958255396 0.6809539770278041 0.7936466006372154
0.7487558432378542 0.9186676750753103 0.8819225080004984 0.3566404491564198 0.7606504502170982 0.4051067940135237 0.3207494763052777 0.951125388518114 0.5973914497756001 0.5710862996106275 0.049133355768373965 0.9322780165770196 0.34858283315656724 0.5971691679029492 0.05932584132088625 0.2155857973821369 0.9669307857814019 0.3625039739041568 0.9540433924339349 0.7634515332585241 0.7489909782301828 0.22703810630554644 0.3917284622206605 0.708237712087682 0.2927283911619152
0.7541463964070811 0.11722622156609663 0.5850284830187181 0.13993658748178106 0.5780873684423572 0.41757363730614827 0.5594349554453734 0.661301523510386 0.26285115569769446 0.6340355132396076 0.8505377914247478 0.9307238991141104 0.5547132915936649 0.4148809337542385 0.09874580999953819 0.679352985849382 0.40273315872050164 0.9123482421092507 0.9701861993581653 0.6568217697600763 0.5817628793794788 0.09794605543378321 0.10818586874457758 0.447016063211348 0.5802108025930536
0.1794094484125145 0.9030040787019359 0.43408502264573123 0.8640795382153481 0.22537630675081333 0.630513646078535 0.38491217531478183 0.04342425832265007 0.8665781575934702 0.5588471170307924 0.20922056369998998 0.18351617356058536 0.25343562882592996 0.13501154864001252 0.9532395689315792 0.1985524975878401 0.2034682173639456 0.9093904847502998 0.4083072282465777 0.6535478818186048 0.8262824850773154 0.14698500241898205 0.08698445678031652 0.5029352010890034 0.7905949917635063
Radious = 
[1.9422510266058814, 1.7651774049251265, 1.956843714577114, 2.1780175902592456, 1.9046638633294228, 1.970777678711744, 2.0335007911058036, 2.043894030299632, 2.1121556345917702, 2.1512724984995284, 1.823326013145816, 2.1367151604834165, 2.2052120496833365, 1.9411373552705815, 2.1537121741151126, 2.028508927570316, 2.4390789629074545, 2.1412218431166194, 1.5658850545445588, 2.1633272163026005, 2.2985182094035648, 2.1472380578475376, 2.183481481160679, 2.334117970693997, 2.2579367279896725] 
Solution = 
[0.8674971939830383, 0.8910199835520796, 0.6208365891819704, 0.06611837611833737, 0.33193390053053484, 0.44878665374808147, 0.7102430768123088, 0.4720919455795225, 0.5746472234968868, 0.09532775081760714, 0.4792371330123566, 0.21727563813453687, 0.7512620719777288, 0.941367104662161, 0.9524095250659682, 0.14978103540254073, 0.10574733215706955, 0.34445458211241553, 0.4031522190649942, 0.6180127655969304, 0.13141224833045728, 0.7065852072322647, 0.9335586740246634, 0.9367811990891073, 0.23056332658464918]