Dimension = 
5 
Points = 
0.38535507218328 0.16506578763913393 0.09669808253393286 0.19235399965567268 0.46543787264918657
0.7649442953953324 0.24403098210942553 0.4096302391522638 0.12685973585115673 0.6139818338814093
0.24519778290230373 0.10502979740951293 0.061528074131453114 0.12239302828101674 0.29615371040987953
0.007079271169243451 0.5758838140663494 0.5715835891012804 0.8350589911272073 0.5644810451590125
0.6969278687171003 0.06087686280677873 0.27164902978927286 0.645143759063297 0.17397609805557834
Radious = 
[0.8222066791534154, 0.4054498395318399, 0.9806651573703921, 1.206674950108491, 0.6585034502368752] 
Solution = 
[0.9997905693973802, 0.15055878855345628, 0.630480396080068, 0.30747218910888663, 0.4757642557345837]
λ = [0.6362905294410771]
