Dimension = 
5 
Points = 
0.9948267504210466 0.110563678404352 0.057217078056655324 0.07010034956736688 0.8455618793702346
0.3011557446626607 0.4343246939228862 0.6930297619298988 0.2247184922579324 0.4221729672261708
0.5834124334673442 0.06483965639613463 0.03355474179880683 0.041110088274867694 0.4958766071397078
0.795599558859028 0.20208607805312895 0.02547162723370522 0.15197333916258127 0.6003183363478637
0.19928296552002922 0.23494731788315582 0.6313205886394011 0.8895705877785375 0.01145335733634778
Radious = 
[1.3483583967181503, 0.7892545794830428, 1.308839158775444, 1.1971958317075921, 0.8582982668217917] 
Solution = 
[0.5541501459635396, 0.7358316622490279, 0.7718421428939501, 0.882037731201661, 0.5945974403074545]
λ = [0.5864462663679108]
