Dimension = 
5 
Points = 
0.027289096600365825 0.9498514323298606 0.04733030952126871 0.42024778467271096 0.7791541701463215
0.38385106692104687 0.25438942217439753 0.78423034582701 0.5936531103278095 0.3030832924886011
0.0029804484480840513 0.10374045241790801 0.005169300751352541 0.04589843614030635 0.08509731455161802
0.6254060727529556 0.17760660036697284 0.6539767333469457 0.15235172065638614 0.11408778756754534
0.6616543506247197 0.26179692645680863 0.43843391738140325 0.1200939136102187 0.9074258839142783
Radious = 
[0.9136557063117274, 0.7596416349097863, 1.4199109602980926, 1.1893792855225847, 1.2067270175256488] 
Solution = 
[0.027039810823780486, 0.8478036405262354, 0.8592107016889143, 0.7602812310351451, 0.5564875586187221]
λ = [0.10921755643769082]
