Dimension = 
5 
Points = 
0.7285353258063342 0.8730631878227947 0.9267251542126583 0.9436780720303046 0.37707627460271065
0.29917939501724 0.3161545935011838 0.05557575399068959 0.8863290920354617 0.15677100579147252
0.09428864084620296 0.1129937539563422 0.11993880342314031 0.12213288725515502 0.04880203906143938
0.6200489610122334 0.3092969631044452 0.06351124554384913 0.20042050019227142 0.9502418533886531
0.09933403827998355 0.7408405442741401 0.2935783757384123 0.5603564301804881 0.7025895954159179
Radious = 
[0.8775740231653842, 0.9178036211311212, 0.970033433346722, 0.9874475048870963, 0.807996306668374] 
Solution = 
[0.6440843887591676, 0.8379093933062666, 0.3749072109836181, 0.29596887229384683, 0.18281313809747268]
λ = [0.1294221947876658]
