Dimension = 
5 
Points = 
0.5305329951046026 0.07852337475863336 0.45702656806747255 0.0073831332296407925 0.9655594143761287
0.42493468830462555 0.3178288520539807 0.34560662138217957 0.698008866740632 0.8464859587959506
0.13773150664145695 0.0203854290154865 0.11864852587103734 0.0019167329324211722 0.2506685806933581
0.513748136627963 0.7980858731248591 0.12832315750530732 0.8010675483591458 0.1975101514771027
0.7321386758094315 0.7934933308432082 0.8860112926147528 0.4841589537229646 0.70436779335265
Radious = 
[1.3156394815529773, 0.829369494945759, 1.1497682459812066, 0.42620885614848897, 1.0505122054351619] 
Solution = 
[0.7124579635958014, 0.44648742254027984, 0.19620991283239497, 0.8888334497885895, 0.11854523350857948]
λ = [0.25960969046666194]
