Dimension = 
5 
Points = 
0.7974220761762072 0.1562798902029009 0.7789483012047471 0.5771189034123169 0.6961437148868261
0.40605114966470146 0.47506272194876176 0.984243149101906 0.6815557658612483 0.5529014956284097
0.7476659243281655 0.14652861019693755 0.7303448437454716 0.5411088446862611 0.6527069535771043
0.4836912915782624 0.7772171576852719 0.09848859795385201 0.3034501970842084 0.8458120465757606
0.16078056997022871 0.556144739107677 0.07868471799555798 0.3202686891373877 0.3026929950042574
Radious = 
[0.5911812105561792, 0.4322537338532457, 0.619684002760234, 0.9626372992867871, 1.1822570487216235] 
Solution = 
[0.5178419045341388, 0.546681116981118, 0.8765389094542423, 0.8137044381444895, 0.9272722319640353]
λ = [0.9376037441970104]
