Dimension = 
5 
Points = 
0.7880098591875122 0.5021524971031012 0.17373420415913243 0.3618008464696689 0.39148703325052736
0.7094736855944687 0.21229296476807114 0.4404352667871243 0.3306021343556763 0.48051950324643633
0.7592771620669968 0.4838428332843638 0.16739944551445626 0.34860873469802495 0.3772124931266329
0.8577433899936684 0.642942830525339 0.08433107930452166 0.36180602920345195 0.7229358285488167
0.6693782529717696 0.6553708969043825 0.5882155955697523 0.7699431669996104 0.0443963499626594
Radious = 
[0.922626785631775, 0.9075276496370049, 0.9110622026809582, 0.9076211320317721, 1.1235380071465186] 
Solution = 
[0.05670185414092643, 0.7545871855634259, 0.4572942052822839, 0.1937974564046795, 0.7710579779652834]
λ = [0.9635376425998773]
