Dimension = 
5 
Points = 
0.009798152016375905 0.8449157532451209 0.05109252658088448 0.566388646238883 0.25169151594280426
0.557433456779995 0.05297338033300547 0.047999328125836516 0.6958183302936409 0.31802521205482026
0.0025274974105526297 0.21795154585201518 0.013179651470598559 0.1461036565203935 0.06492547306270513
0.03102175171752597 0.9791201905945788 0.763124250724186 0.19641346841659768 0.1871817155264378
0.6501693018149322 0.5309601960915554 0.7550358908142908 0.6006487858765766 0.7494278558010521
Radious = 
[0.8268630001722325, 0.5646477376081673, 1.041897485627224, 1.1644083802343432, 0.8685191412218364] 
Solution = 
[0.6197901474130263, 0.47976243476138614, 0.2597030064577903, 0.9034121264471863, 0.10618522027156929]
λ = [0.25795654183853833]
