Dimension = 
5 
Points = 
0.4366302928801695 0.2136447301797979 0.5478935997973121 0.7911603665098509 0.28587833599208157
0.5038822341300105 0.2980688422805743 0.09534831835667035 0.4493868445810918 0.733984981774494
0.13340213602024262 0.065274131960595 0.16739602752400085 0.24172047736490332 0.08734341452053737
0.14233156127925828 0.3329720287543807 0.626688869805434 0.11617872572898325 0.8132450598055743
0.36256457223314886 0.2143822259992164 0.5143290915403453 0.48124884640204524 0.8479265160642574
Radious = 
[0.7250558781097302, 1.0713635684818617, 1.1809875365740097, 1.300310087674264, 1.1334000805640332] 
Solution = 
[0.6309959875387029, 0.864234988058925, 0.5006102291055602, 0.8712503690782126, 0.04921360727490498]
λ = [0.30552652483242615]
