Dimension = 
5 
Points = 
0.7898359746566395 0.755568951182913 0.2889336802342507 0.7298821663033301 0.8580861765392748
0.011515891211237972 0.12093993350155863 0.5882469668847796 0.02897779737273709 0.26606629067770304
0.5180836712993974 0.49560661796754757 0.18952266878307403 0.4787576718049251 0.5628515931120905
0.04440211602804556 0.41684877854857716 0.1891036205812675 0.6352515624248238 0.49597723431102525
0.9719570185114074 0.44890216829033447 0.10400847960096082 0.8992389218037311 0.6441945108686944
Radious = 
[0.22224368971758898, 1.3289988294494648, 0.45123966642930313, 0.8671246923073622, 0.48642196279029015] 
Solution = 
[0.7844293779186585, 0.6858101407764248, 0.13922818659257918, 0.5814092516378013, 0.8516991987016346]
λ = [0.6559383060826277]
