Dimension = 
5 
Points = 
0.24733848059017993 0.6700871230218566 0.8598464808036691 0.5576496767352912 0.417717356393582
0.8464092552158605 0.520269719639948 0.9587156005010327 0.8923889724447825 0.448113734276662
0.01838113025998923 0.04979798802198672 0.06390008594511062 0.04144212143235442 0.031042954260120978
0.8365492947564449 0.396188695225703 0.8413607269130947 0.663078837745354 0.8458218794280126
0.8440035202234739 0.2100730842048919 0.7450499615409548 0.4380495625956863 0.8966980279496111
Radious = 
[0.9559465522337507, 0.7725402476686596, 1.1870932802950187, 0.7508824310211781, 0.7347064662001058] 
Solution = 
[0.9682687097796034, 0.3751409071776025, 0.31062297739063427, 0.5303403257807322, 0.34910330698103276]
λ = [0.07431569166322038]
