Dimension = 
5 
Points = 
0.07433950256064248 0.4681201969559683 0.5443347847222391 0.2107336279588603 0.009268126383147113
0.8613845041595188 0.4036009935296372 0.23387227650767672 0.6751134823301054 0.3758993886344716
0.04415149023270536 0.2780245171370826 0.3232896522462015 0.12515827246675854 0.00550449730474309
0.35913942705026725 0.2500894293608463 0.25978015826089307 0.35692857956280943 0.9530659354627775
0.8992573092379633 0.9159536902219901 0.5005742254782799 0.8608270330495517 0.705764468056207
Radious = 
[1.1031990614203946, 1.075960138465884, 1.1257107714038843, 0.5506196578789277, 1.0596899066473269] 
Solution = 
[0.08518865991095315, 0.7104572778131203, 0.14661670582008235, 0.4010846227142275, 0.9909962112698341]
λ = [0.593916944718439]
