Dimension = 
5 
Points = 
0.901472004916101 0.24105637446634864 0.09872574978508886 0.554186763142617 0.8451520717362779
0.6294618812151904 0.6794800802464159 0.48376172313065746 0.8283145767090503 0.20589841373029139
0.7005087539420749 0.18731818579649837 0.07671702680371771 0.4306430779693008 0.6567441045699953
0.6053055955639802 0.8131500486700186 0.09725575103754891 0.9634863619152017 0.2916094641346365
0.9834560459568595 0.4970494822348438 0.47340080010069385 0.7632227622707645 0.16580643611729917
Radious = 
[0.532854734985329, 1.0626641274558841, 0.3630492611208465, 1.1691472520395996, 0.9840413423408408] 
Solution = 
[0.731379087794077, 0.15769788756744185, 0.20369271750479157, 0.09441095866022375, 0.6850206378969803]
λ = [0.7770721110826625]
