Dimension = 
5 
Points = 
0.10598686120150536 0.621626563612198 0.7459623457991246 0.7981952848132678 0.9851733469950985
0.8271975393084605 0.7916208049082658 0.49262363865718994 0.6429326528919389 0.5376729654439953
0.06148738244227392 0.36063140109820385 0.43276375508924964 0.4630662535389441 0.5715399972403586
0.8030031798307024 0.800618765018839 0.7750472161266546 0.4103524359354148 0.7704861820763906
0.2630335735418182 0.9087113439799027 0.031102809808735477 0.16106873126108157 0.3484190357835606
Radious = 
[1.3021001376412138, 0.801011803246252, 0.9288205729263428, 0.8756939950315797, 0.7173874621303123] 
Solution = 
[0.5728387366097921, 0.7409517373106297, 0.5585805165143825, 0.09309884022636672, 0.020288560256449983]
λ = [0.5801415547666072]
