Dimension = 
5 
Points = 
0.18882829471599716 0.9484000244734945 0.2716784132880241 0.9379164103940237 0.09585398018253855
0.8196501381484327 0.37133212146935035 0.6667963260925766 0.3721306542130691 0.8631732094415042
0.03401033424816909 0.1708186894439114 0.04893267535903421 0.16893045961316558 0.017264498998567343
0.6428144082215043 0.21699118732158185 0.16086593665078652 0.8945440218802332 0.291369828399763
0.8902306419258629 0.9357634738791605 0.6105314550647498 0.5675621338841473 0.282085309521381
Radious = 
[1.3611362368700521, 0.4374188632922415, 1.2461076997515081, 0.73886323026372, 0.9020360906514929] 
Solution = 
[0.9463310673453775, 0.09147207894998, 0.5913691180553936, 0.48504209809466603, 0.5829459750922711]
λ = [0.18011248949380998]
