Dimension = 
5 
Points = 
0.8688593199723134 0.30076283170816653 0.5690920173522321 0.5266151163290538 0.14966092751550264
0.194155282719772 0.44308519276834213 0.7483267459543916 0.38887713521276446 0.3087750411257053
0.23709358386581927 0.08207190280883879 0.15529334017821123 0.1437022799644358 0.04083934516633122
0.6677098461468911 0.054258825672255595 0.4352938660075353 0.8808702556798775 0.9098066554814321
0.9130266995576282 0.1128600265974079 0.7651837391900445 0.7905649171850432 0.7109658995567526
Radious = 
[1.0235886185485448, 0.6102023586599008, 0.7211206340800781, 1.3978202259303965, 1.3105657484098452] 
Solution = 
[0.06689858318668473, 0.04491241891004216, 0.8418938245904508, 0.016152004622887683, 0.0853197392903905]
λ = [0.2728791398282686]
