Dimension = 
5 
Points = 
0.5481657160024094 0.7844005073103412 0.33464727949868833 0.5867134900266245 0.917493822861381
0.45279659013355533 0.14838727366660986 0.681407875945023 0.5323696553842452 0.16161263418052085
0.1227113623141076 0.17559444533285262 0.07491352042493202 0.13134059564008785 0.20538846854407022
0.9103827396674196 0.5745788423746584 0.7613357479567716 0.32316237944612236 0.4606670572887115
0.09794224232040227 0.22561462224146211 0.8401147089573764 0.5295026768102051 0.3145284762092283
Radious = 
[0.9754191490186894, 0.6940153726273015, 1.113614535463026, 1.0565911085200361, 0.48297409029487415] 
Solution = 
[0.12574556103855272, 0.11681329449065703, 0.8111555684308407, 0.808408742622, 0.6913918374921092]
λ = [0.2238581486069593]
