Dimension = 
5 
Points = 
0.7601014270320274 0.014017071996859531 0.06901639856979103 0.1829026465420508 0.4684855592717303
0.28331659624422867 0.044429642718298745 0.9666814574563378 0.35624750490394297 0.13951590896747768
0.08639383618824381 0.0015931934592782655 0.007844468146340992 0.020788885169510912 0.053248505034808
0.0030400904611431745 0.2338960217162699 0.966992182144864 0.8452453136008755 0.05780865297683513
0.42251542678951504 0.33387521181460655 0.25680649911861453 0.39915729227869623 0.03575153143286902
Radious = 
[0.7690013339166007, 1.1401237539270614, 1.3865408323358692, 1.5017979190891695, 1.142029188643879] 
Solution = 
[0.890345525860165, 0.20657725545302896, 0.5830002838380826, 0.17521828416162222, 0.99105767706276]
λ = [0.11366093144382894]
