Dimension = 
5 
Points = 
0.9734185439551571 0.4233457346414653 0.6014771983314718 0.5683999031108038 0.17777465320055696
0.2347935979874558 0.3153769691159801 0.028317977005063333 0.8581466488298417 0.7306721614752677
0.6274095697995467 0.2728642955255954 0.38767758493284865 0.3663578641473692 0.11458330990144285
0.808397602914181 0.10065368842065381 0.38559389664121146 0.8744946161055346 0.9526581200720068
0.5462797801776523 0.7057163181847291 0.8536110486468594 0.7489901078648662 0.4484554332762105
Radious = 
[1.0625770317885554, 0.8949866070885872, 0.6252711083942025, 1.2431329564021683, 1.0733271888444529] 
Solution = 
[0.033973345974284586, 0.13978498006472817, 0.3334113692011229, 0.26220904074922424, 0.19999702926744845]
λ = [0.644542446510501]
