Dimension = 
5 
Points = 
0.9242770477720306 0.45100680743164445 0.8121548766676537 0.8307178289111824 0.9412634995628947
0.14054731358636186 0.0409413099547562 0.9055358431627131 0.20026492462263124 0.3411922802181264
0.5334146481452382 0.26028303751257315 0.46870720074828337 0.4794201689685663 0.5432177934544298
0.24742653215895738 0.8175434301102964 0.02830743801328861 0.7647792303186971 0.8682445824399369
0.5531714907514038 0.3128027291018084 0.5908138782530157 0.32602047318316596 0.01447832088096046
Radious = 
[0.4091301787976983, 1.195075841121448, 0.6386219988120635, 1.098196399001948, 1.0928320354108385] 
Solution = 
[0.9706822349913743, 0.19506281325641162, 0.5519314175718938, 0.6530013620574515, 0.9619357610034518]
λ = [0.5771155406607077]
