Dimension = 
10 
Points = 
0.5485124975621376 0.7440450242609917 0.3829229135335964 0.0008009342594399449 0.19442347524733605 0.770565734838711 0.17101203209645066 0.28949449457669796 0.15323084041316082 0.17638492959963292
0.03096724993604616 0.045336111762239284 0.3140317095827254 0.6349703417633 0.3696408730622053 0.8855346255065643 0.165266539223471 0.5112054441788979 0.16118770655610393 0.15894019531241133
0.9178275950138679 0.4912945545345302 0.48311659635707016 0.11744909397371917 0.38992555420284347 0.11347041040368966 0.14334859343508155 0.5143905418591898 0.43091359711414934 0.22546040129421252
0.08491002964985284 0.7233248914936224 0.4162335163006452 0.6611225162522945 0.3696043576944802 0.7397659591749239 0.8493669656683326 0.6340974157803252 0.5910186768553319 0.1890765438143025
0.29594651069817146 0.8127972003611904 0.02604746968306737 0.19047537409584048 0.45631809895382003 0.2624581748277963 0.5219156030165539 0.8751192197853715 0.6390411042276797 0.03762433288987732
0.592157403504563 0.9699972566528879 0.5369807812751781 0.6758158595974869 0.4044962646225272 0.6612749274967097 0.7465312531073133 0.5806710657192385 0.726819785210141 0.8044939815974915
0.6242546984986646 0.18556359959940194 0.4902214535854269 0.16909396647201402 0.6870754235215306 0.5645946641873316 0.6853026598428924 0.35359170472895585 0.4564787048763871 0.9243450823721455
0.1815412336420693 0.2857539032701911 0.07998033477284339 0.9402270273325364 0.7004455566683211 0.2999422805338935 0.8632469089233656 0.49549033001698795 0.772653383657317 0.1649895931753933
0.8317549278427413 0.585896658094028 0.3108856692422364 0.8792322069679016 0.26944283369540656 0.2751835057666101 0.2388662516982072 0.39222674327641927 0.30143140125225154 0.6124194714756354
0.6499849965021253 0.5303064852488808 0.39198637406545356 0.49207337578275145 0.8677823406825009 0.4982315210478312 0.5255724303469232 0.37185444777972254 0.7269239191144706 0.6481388932497222
Radious = 
[1.2526976120795472, 1.6260723815615519, 1.1207071569948157, 0.9391473564142107, 1.114926120147471, 0.7667201924104339, 1.0149341842204689, 1.2749003352971415, 1.2722329241203778, 0.8163177283650251] 
Solution = 
[0.670952645537519, 0.8623350401507007, 0.7945705287294346, 0.27073820297548623, 0.6512026166302813, 0.4559143471104574, 0.9639040544177737, 0.5334651834613399, 0.6651961353824332, 0.37635168265024455]