Dimension = 
10 
Points = 
0.0008950950547101932 0.2222521476407533 0.4297567329097082 0.7368046358541033 0.3064710945739456 0.8195600086232132 0.11832303564722402 0.9158554984555789 0.04683056619800963 0.47576237572344116
0.11687653447139779 0.43550635714666064 0.4325143204646389 0.8545912781171437 0.3238064106553714 0.6309570010442402 0.18021834944386494 0.990536505071263 0.8234623390702023 0.07168237948307055
0.18573020473661905 0.3372820612446591 0.2810853491033609 0.5985723125560465 0.6974615605003827 0.05525130490704011 0.5601570003422518 0.11568467554127249 0.9142968703624842 0.5483711857963072
0.5348206216879108 0.7781783647480923 0.30336118756319574 0.3327054015367096 0.10214520696187479 0.8851955567485027 0.2140030825717576 0.2562070818055905 0.693002731869018 0.9373289611130469
0.7159594262688174 0.09027244620946095 0.36857478576009073 0.8918559540714935 0.633892992997192 0.023561859754686942 0.44344060293346543 0.3046842206730068 0.049901857131517846 0.2041399868884316
0.8543517393019213 0.1797485878484354 0.14553423499221618 0.8057119107299304 0.9024794224725047 0.8751364939280604 0.40066271957767463 0.6321640023265259 0.8772979062653121 0.09449545781845758
0.42284922953540705 0.9387282589263491 0.7106075245792156 0.9044267654017787 0.5152617166551118 0.22215903583857344 0.6667097704427987 0.688762075137226 0.6828479002438061 0.8956847783711788
0.7482102925493743 0.7006388640075116 0.017182423282162018 0.09203386300339622 0.12095158645239401 0.14907667067542485 0.7095887821212817 0.76522368519188 0.10346811197548356 0.5812960314797905
0.9933636436816957 0.5943371987235349 0.022693880243262132 0.8914859121742987 0.26761634484276897 0.2843860841796889 0.10350123330941818 0.806461647659637 0.5863250323326874 0.5771752541710118
0.5344870461237595 0.8561059002767119 0.8571315277576769 0.32499586759595867 0.9765156744737976 0.5397727294788277 0.9472785807182758 0.5512335530568714 0.1836839384040293 0.7677288944569417
Radious = 
[1.0987344265426342, 1.2002160652238008, 0.8705473060910521, 0.9830272005319795, 1.048702285437884, 1.0893375217948236, 1.328577751784054, 1.2715379845729786, 1.2970149305837297, 1.26246390859261] 
Solution = 
[0.4019743834814825, 0.11373230468418694, 0.39279116751139964, 0.34139728223619525, 0.4997582145569832, 0.6412787434215796, 0.4238374374196102, 0.20341974951659814, 0.5012956152553962, 0.492388039164117]