Dimension = 
10 
Points = 
0.5956757856492004 0.09550356853846254 0.3083280532029432 0.7783239162104919 0.3462976043105481 0.802535337670951 0.19852228761141133 0.4709099735276233 0.48688389918345454 0.5095194348003094
0.6602516678478041 0.8873603461404107 0.603891830781109 0.8546340047882806 0.20496587081454265 0.5936387471794732 0.9987560629141352 0.5565637338306351 0.9956201662356731 0.16914588397778285
0.2649630703865963 0.4329737135973455 0.721638867995865 0.1976688265574038 0.7215429309638713 0.4015604959682251 0.9238519025850876 0.42288889918540795 0.08525131697353494 0.8309293125185886
0.8727218301177494 0.4063582007011619 0.9579485135257698 0.23624944178887697 0.14176221533446365 0.1916582922123441 0.9963873841473831 0.4113887388192057 0.8923488899064895 0.13618244432849458
0.2918927341628411 0.3823300129808205 0.9391647681743478 0.24605989106377535 0.37368091481195775 0.35809748740911196 0.9729828952474646 0.41651225602119246 0.763415907606372 0.5938004826184712
0.3729298308867557 0.3738946745369237 0.5094347282457781 0.8926085919375052 0.035638888164677196 0.5698062860130146 0.9531419893625005 0.7337643410247481 0.1659888998934077 0.029868167933486678
0.8354113885234803 0.4411729138797049 0.6172379684832886 0.22014923174474832 0.36199559316922614 0.6857350810770804 0.2321303814604122 0.6592707394427604 0.4027234228708093 0.02177485409394586
0.4156763404632815 0.2280667251148213 0.3500324114765593 0.9684595218070329 0.7168358571706451 0.048997492301027123 0.38870444353771405 0.2328445093245446 0.9865849395591038 0.0189262650315557
0.06563981915412898 0.14168298234868482 0.43351277009307887 0.7571013453501028 0.8710617214664728 0.4968990259906446 0.23814756469393727 0.22792204336387012 0.6075297652317491 0.17338682240106684
0.8466877716255993 0.268901738436351 0.7838432734756048 0.4853683064242845 0.9710069275367144 0.5143109595726278 0.6387410095928853 0.7692559157504167 0.5903991543677046 0.30472580341359434
Radious = 
[0.9230853159059937, 1.3386447848085852, 1.1905525146153482, 1.0987683643620207, 0.985453925158664, 1.3903720869183405, 0.9909051245530655, 1.0816764676846007, 0.9486376404715502, 0.6697344387619603] 
Solution = 
[0.7502599781741209, 0.017694801902336077, 0.9458692682756514, 0.5659365377022821, 0.7484237539288643, 0.5579190382428585, 0.44522159720872057, 0.28036632364181346, 0.6808533961488182, 0.39021037203499054]