Dimension = 
10 
Points = 
0.1769344382443364 0.4665368902358399 0.9716020662859621 0.3793393706872784 0.31646692638425356 0.6239517469423574 0.7833948025753988 0.060175124058632345 0.8930620769335934 0.8744993247723268
0.7586193486311025 0.47792174175716506 0.6635305388930421 0.02472256814541207 0.9077848771601351 0.7642926211642793 0.018863221681832187 0.3891001578023673 0.8324334291217032 0.23632339364657773
0.7974934967605167 0.38380781055348334 0.7100924588380854 0.11945269823612137 0.060317958825277684 0.9119438608267961 0.7704550035439759 0.6864282260430267 0.008514121485150294 0.3733200803793838
0.1856974787429757 0.06352770582472445 0.7922206837135829 0.5848572057604072 0.9772313018810322 0.6101111093216112 0.6223279463340331 0.035227941481166036 0.47489176549185674 0.06977209796339678
0.6976336619268232 0.5393344732780335 0.5730478353217513 0.36610781138031223 0.572499501118458 0.5092013874901791 0.9131515298199464 0.839210037494519 0.8491598341449251 0.5439670050668333
0.3865888387254144 0.6319614968076762 0.926781347070807 0.21588724117860558 0.8426516720912242 0.1363106829108588 0.2668027457212362 0.09794646239850968 0.546409159786617 0.38033639555847254
0.26018212307895716 0.32677409949918734 0.7024146930826229 0.4956572280330126 0.47362065400840814 0.17507341553775146 0.32168197376064567 0.43745788498974725 0.23068507078940803 0.5246156512120111
0.49460242098178464 0.2696156230809793 0.05626513379100939 0.019913552992284145 0.9992385102880693 0.7992024984725601 0.07947468131985669 0.43084118184241016 0.2464874598118617 0.2818502759316799
0.09544189988749907 0.7440228040667478 0.11191449595577829 0.9776382688881601 0.749160320519091 0.8955277236210422 0.18993024128302638 0.19820907440652014 0.6437953763975456 0.43289460126767243
0.918232605631726 0.6315332771951053 0.28625211153522134 0.7475724646295383 0.30273967507670874 0.3706903050802054 0.9287417508656455 0.5613356783929933 0.24212502553430382 0.9112880019944366
Radious = 
[0.8618081743289684, 0.9431269216799937, 1.4887283611197888, 0.7071171707253645, 1.0124830261501085, 0.7269807188986183, 0.8580059913695474, 1.3122167799474453, 1.116831540570481, 1.3893263014984798] 
Solution = 
[0.42040306351508605, 0.3206063588605228, 0.8882176549653051, 0.6322339446423634, 0.8314522785594096, 0.5124429042355707, 0.42790874666947654, 0.1903993769102197, 0.813843450904721, 0.46955044573532967]