Dimension = 
10 
Points = 
0.5936061170827174 0.0709987139763727 0.8380913184672009 0.522529043054618 0.824379024122788 0.36575233051397826 0.6902351766015634 0.6719435920386713 0.01183090754782623 0.14701011314835744
0.7100731099948236 0.2225880384229778 0.2413465237662188 0.08210481465708408 0.2168878609327073 0.1339255985253196 0.815346086488998 0.02962219783954534 0.13839921400993083 0.6542805208623325
0.9567727520527047 0.666065718907205 0.6762066092980011 0.8441321473430327 0.5406823412519561 0.5509680203978884 0.7788678880076664 0.5382705204945201 0.08269916731241911 0.4587573869213236
0.16123880093963994 0.9781037015119586 0.8872426393923583 0.9981650761945642 0.8266247667626356 0.11386112764836576 0.6804232465129454 0.9488474075594575 0.07237695272214228 0.16579656269337673
0.07647785848774102 0.7383831510382445 0.6686172023172609 0.22770132050111314 0.4427178817242282 0.06366689655136959 0.2415069579809549 0.7749228249753445 0.7125179326596678 0.7506622795541664
0.010314896380615446 0.2829290021325923 0.8104868055672713 0.8063190367049925 0.6411514136111491 0.04981342412573042 0.7141958653913126 0.714334234381768 0.5469785536043885 0.35473368649457915
0.9569709221768247 0.6242726907638894 0.5176862503159106 0.7123566406913929 0.05756689529333925 0.5015584288962791 0.011215172255725103 0.4980849280355898 0.9014959081088334 0.8788940877997424
0.1270664753832158 0.7755818145564526 0.47130188865637224 0.8452151339465221 0.9412366461432982 0.29051649695897186 0.3394839292275649 0.1923644769990579 0.8014080198938343 0.37107098960901674
0.543627795455537 0.8801269692442907 0.2835970082707868 0.33109966754691833 0.13911990729155244 0.5595848252735822 0.8158573509586781 0.3318333614313783 0.876352290129668 0.2494515677886724
0.27264677628982625 0.4749590562095647 0.03992231135188684 0.5179917791383463 0.6237405584285108 0.11069945770134537 0.41203049338022446 0.5922000747313699 0.7429247667124114 0.6214934636144076
Radious = 
[1.4116167407885865, 1.1121603581864892, 1.1614688996464553, 1.6853502585116489, 0.9761505362873192, 1.428475388777557, 0.7600695750596288, 1.2510100354570795, 0.840074846245505, 0.8691071311171429] 
Solution = 
[0.8539604780713241, 0.6749103365025305, 0.30356493860805445, 0.20136735386533344, 0.30700901363964195, 0.3847998923940741, 0.24967756342386616, 0.5338239902389603, 0.7232919652361337, 0.5758754667272837]