Dimension = 
10 
Points = 
0.5069618284020456 0.22521385521299575 0.6540037612641207 0.10268665928628296 0.49703204784670285 0.9596544859995064 0.9931925780730118 0.9609429221219605 0.18901507317831334 0.9028542392178874
0.3386122365071743 0.277442549873295 0.08026198118354377 0.8604333167569552 0.6953111850822736 0.8539407707890252 0.7271337564506692 0.3860815815559864 0.15682958978840578 0.8856390219030253
0.17578438381005201 0.37794397098345445 0.4004638961052287 0.325230396643984 0.9286753805196507 0.8982927526634066 0.18643020546652178 0.16525744282437316 0.37637603638212447 0.845047445825339
0.2646616343041489 0.896688694721142 0.37579160148829494 0.3895549397305561 0.7540820149650562 0.291080831503998 0.056219219829267586 0.6354977046041757 0.14811736433014866 0.709766651469892
0.6798444226884736 0.3669380655304696 0.24851307598061978 0.7335793659526066 0.5794847320823058 0.9636236626960109 0.6720140582180584 0.10499686316460755 0.08710400569178622 0.5953971542444784
0.31612501394670633 0.34429249705322873 0.23624009710851157 0.8443851220336982 0.4553604114280836 0.37414300030922676 0.7623641154365275 0.3869612299847146 0.1555885393109977 0.1881327969420925
0.9259818260611533 0.6184376670971514 0.950002364603643 0.6957636389327441 0.8199034441078784 0.1726740868703961 0.4648872753487996 0.7672915140465998 0.6683928698478298 0.9732836913008608
0.012824237462748411 0.4112272660739963 0.7286029892590554 0.4672238237698849 0.5184364359840883 0.18664330084931857 0.6464871428841938 0.7512780041920997 0.2815051390292621 0.8430397681923707
0.6623942755958965 0.8699583810428242 0.8063536968732131 0.03960068825809093 0.6171679080019694 0.003506468594990819 0.2712083154924412 0.7836281712970192 0.5760175474837822 0.6818371837842615
0.4347515373327838 0.9505830303784083 0.14447057824125797 0.8015611430702185 0.9637181518707062 0.9742066936192062 0.9501300658791496 0.6843759233584021 0.6288920016923053 0.766386470325504
Radious = 
[1.150817069019616, 1.3312948866266388, 1.0868103900562183, 1.3947140781582081, 1.0157324786254156, 1.1687971462843219, 1.4302867648760316, 1.251782408093145, 1.3254434423146522, 1.646242955384461] 
Solution = 
[0.6603045712725186, 0.15118994209116932, 0.8306970938923808, 0.05166863761315732, 0.58889820049552, 0.6703089347870713, 0.6253643965961561, 0.11716767512765836, 0.24961273216279323, 0.3385170486136513]