Dimension = 
10 
Points = 
0.18378704570984772 0.8735873745890232 0.08785631612800082 0.9757363615680967 0.3797372410742631 0.45260855758873697 0.7816429574070698 0.4244919806801941 0.5081538891157048 0.9009301787795485
0.7209906444365927 0.3712451123015068 0.68978585898323 0.5551123206153866 0.5120972186174133 0.5851888648020429 0.42968092967595317 0.7368820793226821 0.8791727646190809 0.6637040242375785
0.09861600954620364 0.7392802867265919 0.3433801317907509 0.40063438530935924 0.5041668976695594 0.14348230903550874 0.216258531431903 0.5300389830976374 0.949620275073659 0.883433084501045
0.8764066934393848 0.714005764306836 0.6338188970584271 0.43338194108219885 0.10697685019033687 0.9340588466053275 0.26874383136254065 0.6281833200188327 0.11392904431047879 0.7023906338264548
0.5281267545051139 0.2050814949277585 0.5672127240082067 0.9035930708231376 0.13827448590874358 0.22524984116060798 0.47441120403020687 0.3383772227147013 0.7718543957394082 0.3929009079283673
0.9210195617527268 0.9904285950489558 0.23396989547108116 0.8221881485104225 0.17414603887276792 0.9239524743157911 0.680106683586748 0.4478734079457849 0.7268380109443928 0.7627029883946627
0.9880955187227083 0.3872498314096996 0.9824486998230132 0.39262692232332574 0.18864430102436092 0.8448390000969894 0.9609572783923511 0.4023884068247825 0.6488026402785328 0.5179478459822494
0.09507974582163514 0.6661894607572296 0.9101942044798664 0.7516824424812357 0.5474354733611339 0.4547327657936926 0.9881913082578822 0.47763684036428367 0.17172985159463627 0.9556894123649469
0.23889423072332072 0.7878098933234049 0.6584617794626875 0.8524702127044065 0.017220098980508358 0.031040800340177643 0.9564875689843595 0.9051675719811503 0.9197979927282461 0.5720665988513263
0.5444491644938159 0.7853108253883431 0.5473830015661395 0.4477440204738985 0.8066077153704829 0.476295042496206 0.510866851458963 0.08983704533809644 0.8454896935398981 0.278337131833437
Radious = 
[1.6800708079170945, 1.440122152861164, 1.4791943787607342, 1.6185289397104454, 1.3947612539714669, 1.9401201085560662, 1.667858599417193, 1.487999868142631, 1.9715500107002537, 1.104779214051878] 
Solution = 
[0.08372893180796981, 0.15097604553661392, 0.6085750302255267, 0.24910953081814324, 0.9686541020302659, 0.4782693840521174, 0.2578053723665925, 0.044575565837984166, 0.1792954141213542, 0.11546669221295924]