Dimension = 
10 
Points = 
0.5911887458177429 0.06317116072036355 0.2539110985746641 0.023213372793137732 0.775295855179369 0.3913760104944505 0.11249880663446721 0.9628413063971482 0.2257978603424592 0.2988379326708047
0.9617407854977208 0.8528712588216629 0.3327944332824515 0.06221571772074497 0.2978331483005454 0.015261796291988983 0.9992635132468665 0.03024655044679836 0.3439594808052526 0.31938100774568934
0.3766934482830344 0.9620148832774486 0.14957571089540234 0.2952941708039819 0.3788249776436817 0.5331872143579323 0.34787505948456765 0.2127765307382402 0.09129812022758954 0.8243701736346302
0.16100206195607614 0.9838342576814986 0.06450677315617881 0.07684578294005251 0.468765319821997 0.05720921849334393 0.4123934059587818 0.6575562044761473 0.08214981565138824 0.332913020596872
0.9810466894010741 0.7978046173841294 0.3350546663557673 0.8816008740763527 0.44327653315627025 0.7105588427133499 0.6607687905152043 0.48234042950016986 0.38488975199466435 0.05176688996392875
0.05286124019147309 0.9071218207275312 0.09418479488156495 0.5854794014702277 0.5254221073418517 0.3364622213094368 0.9250173076894999 0.2949871899418516 0.5539345446695045 0.2550538750430248
0.5490324998066104 0.054499584257196476 0.9856331556791694 0.4208867344033309 0.8454363878969742 0.15673963523579326 0.4214816397043958 0.10980919391060706 0.18255835872576842 0.5732274674619127
0.792428076595555 0.2276511742035915 0.6079489493067683 0.9970195744804179 0.3977978063180435 0.48474412544968337 0.4108673306281456 0.7901752166626048 0.40814065072028016 0.8498056635283971
0.21154834505785414 0.9633457432304008 0.21877229620461525 0.8134283392670264 0.8216309145104906 0.15531770885000828 0.6886727404563695 0.7072300444050641 0.9678172812018413 0.4573419615050712
0.9116921656646239 0.9467115313460113 0.03481889080397638 0.19315896931241605 0.2728940949019919 0.4076978436371048 0.8522909371997206 0.1344584960274704 0.7303188401418641 0.2931940359627454
Radious = 
[1.5097604559081959, 1.3478507338770154, 1.1805126619092197, 1.4052170378904392, 1.3818869012736616, 1.0067039670546423, 1.272180990133911, 1.1263601128445497, 1.0384381312525979, 1.1699094860215271] 
Solution = 
[0.30230871976819984, 0.3297406044681225, 0.25047366575200836, 0.6292257924835818, 0.3178321106767634, 0.2052754011414084, 0.5667446277577819, 0.18533928616782291, 0.9291042957723991, 0.7551357671479236]