Dimension = 
10 
Points = 
0.7746862724536416 0.36639346842815246 0.3743427027814311 0.6272637696928107 0.34230922176889145 0.35080815822462497 0.13193811501885966 0.13297416480952962 0.3730541107797073 0.5655873986580696
0.5839245055024092 0.6605499685865953 0.21485708332973608 0.21905146237584294 0.8358625930933418 0.962028003316961 0.7717391530713501 0.6706305396934885 0.46337944688473187 0.8051350313432818
0.3448877785901876 0.2528857596695191 0.26541452536742693 0.3111896782438458 0.150658680589684 0.302001153647117 0.21384394582579414 0.41843978415082494 0.12522699076053434 0.822844069340619
0.009241140914219459 0.10348035041744563 0.5212252934158362 0.4575432785845739 0.8621331570923645 0.7585404655995511 0.3489308250433125 0.29692396577950475 0.364753878875931 0.909657543730265
0.6880382865778493 0.7552789407403994 0.19509291630159964 0.0767000767832604 0.24164410409709525 0.0944816493762789 0.4306352084506755 0.6634770521804725 0.602980521254036 0.10940691947652625
0.35104621137652203 0.7717224319884755 0.9510699640757658 0.3761209021307813 0.05118161895941764 0.6699136404998179 0.6567257728004693 0.3698962566100801 0.20460153268303127 0.5711340516792747
0.6724596989008212 0.6652495256295143 0.2896134397761393 0.8890514578673017 0.7595114813441732 0.727057505093254 0.7313782851995723 0.6444880076040708 0.48115029545925747 0.3330536089472681
0.5522966592910464 0.5224365633999498 0.41594985587788547 0.898451359064944 0.8382211999998971 0.11962090489730748 0.21266505815353276 0.26261190758834574 0.1352566368955591 0.07506513654010838
0.635703418194147 0.9846704785519377 0.4799129040166795 0.4316279418333012 0.24642458006131374 0.7030156973244172 0.22536984856389053 0.12182403298405475 0.4250331474923241 0.6868513680622075
0.6862205960343266 0.5801744091143054 0.7522797689568202 0.5920043861024538 0.987950806441663 0.12155060190605393 0.8475987931699226 0.2866520121927284 0.11558579121203882 0.46595471581684245
Radious = 
[1.1085964174744984, 0.9859983269972727, 1.1891472615905265, 1.0000713187059054, 1.4163380399014849, 1.100586090001139, 1.1008101453566939, 1.2012828861946885, 0.9563476666050408, 0.859946090509573] 
Solution = 
[0.439764039642189, 0.8820304913786258, 0.7214917882521404, 0.4697308188834243, 0.9507792102712693, 0.3859346412730178, 0.4394431120245742, 0.38413487303413274, 0.3499084999478267, 0.9850586332799586]