Dimension = 
10 
Points = 
0.7316863257992797 0.34300160455442685 0.06060792076833377 0.05344067609923131 0.9976921026928207 0.5150590117647847 0.42900977749393143 0.521956217218821 0.46573613124987256 0.8831337863484481
0.40084527014081384 0.1549346193544634 0.18298774396515594 0.8829181293720565 0.7018167082709335 0.19795674567684318 0.9141038889768256 0.39623300239352266 0.4220045947022849 0.17368017036559902
0.9650895307618967 0.861627951879637 0.8212127373648604 0.2631975797740185 0.8047217590585283 0.43185447295901136 0.7601238813910887 0.2444642412981618 0.9797795393602413 0.7066486605138799
0.32048472952484564 0.48822251573635556 0.2444112446757304 0.563928085391449 0.4242983197828011 0.30808161187462846 0.8401154415524357 0.10956165529090545 0.9441576543469209 0.6741346891119595
0.7792558749962004 0.7040613841830895 0.4915293427045633 0.8933615051951667 0.8837405920605664 0.9830041300122841 0.030878609211050012 0.18287266573836047 0.9881666439855089 0.6355239332939018
0.3033986161640777 0.3428058439660956 0.3388920912370612 0.3193578535095133 0.5923990985714598 0.017034110015482162 0.5295569493192692 0.20404204915248503 0.7569986123544902 0.12855200176882686
0.09621381837430854 0.22388976204717514 0.23358742964325752 0.0672313281495911 0.538489081126369 0.6589231790792278 0.9325637401797034 0.049052211142125546 0.17448942336073203 0.23146683832931292
0.31254390865269643 0.6436273809146431 0.4851857358351289 0.29863348197700845 0.6513474516765848 0.45842514221483155 0.14965321475708748 0.7416054863165186 0.36751316090254427 0.5176699317037518
0.1801788285450211 0.1981881320322264 0.7553801396060814 0.876668242732151 0.0907708189189479 0.3161908938096831 0.008537372494121898 0.2582344356388233 0.5677569792900012 0.08008128379603041
0.045824781960904115 0.8052344776685643 0.5960316295574022 0.4412972684225829 0.7320567778412282 0.20605492945556936 0.8479011688509441 0.1782515847905768 0.552153569567841 0.07076891117385786
Radious = 
[1.4305292878700901, 1.7453432040564894, 0.8841435726637774, 1.2581904049288826, 1.5848612245831097, 1.5207416552506905, 1.647867343003163, 1.317955959057855, 1.707983164926366, 1.5458014855009092] 
Solution = 
[0.9293037597303669, 0.807016569264866, 0.9515204138033423, 0.1343125739042148, 0.08214798312363225, 0.4776670514581519, 0.7397361315872855, 0.38370965467306073, 0.6285221530687265, 0.9831573337168845]