Dimension = 
10 
Points = 
0.7143675224972328 0.08512460235833841 0.3334214984512516 0.5374121650783305 0.8843433581987784 0.3690597521638247 0.12952249521531656 0.3880161104445611 0.3094669439886335 0.28763439367374566
0.9964043339255582 0.39129534265889376 0.2178551551293726 0.9934917509401765 0.6684109271589763 0.55389390302357 0.16789355798960404 0.9854798246184381 0.42949539722862307 0.20319719791844226
0.7930202286212679 0.5766830544624009 0.14695472811778343 0.16531796640162877 0.21196353294083659 0.4261064203292838 0.6016345540994826 0.983275316492307 0.42123666529974246 0.7113940182366593
0.7047205662301256 0.9142996064164941 0.3118989015335717 0.6421058472897165 0.8961470495860338 0.18003956656963593 0.704321245445289 0.3027431854289808 0.33670938093613034 0.025285273376152384
0.3519297852937905 0.7456285186735009 0.22369777278706382 0.049930158799900703 0.14606116400722124 0.8136928271540224 0.8190379692099092 0.03941194591867003 0.6482605365408014 0.41226753303738095
0.4741780284007213 0.46409712791455693 0.8462782540840968 0.08580144951539292 0.6904100210356019 0.5773413467472065 0.8815434987089567 0.9510890869901879 0.4244705272566991 0.7342599127375261
0.9737021031555786 0.24010960183731367 0.657233141252986 0.2775956989963284 0.5650747801610043 0.3629932183955271 0.15714670270429187 0.39904123732474306 0.8256250551718948 0.5855880049392725
0.9977606186428347 0.5110320920402683 0.1417669829206324 0.43388625801848313 0.6638080648885144 0.27626771469633427 0.515458459945605 0.6115918545127466 0.8746988564652183 0.9012323793188068
0.6196355054891385 0.7722180454306847 0.5626926299409745 0.5209602189289221 0.4072995417368308 0.7167906329266233 0.6113724642279681 0.416792596673639 0.35881609665733816 0.6450633146184374
0.2853787289830779 0.22649194799525407 0.28198040240375344 0.18999883332576883 0.43668677622408414 0.3306648519922518 0.8907406333971724 0.03672261663666043 0.07854481825404924 0.7570082623465533
Radious = 
[1.7011663898931284, 1.7314253850034076, 1.4091104928742437, 1.363322038890098, 1.2149356655569077, 1.0200319829747626, 1.6686029986454671, 1.775035155300831, 1.0585024348987022, 1.5899059204124388] 
Solution = 
[0.35611017210170537, 0.9976564143127938, 0.8931769771090857, 0.08052672772189184, 0.5170846515630306, 0.9905795336613951, 0.958978785802047, 0.7616335972270956, 0.3112977917888454, 0.03848175454452585]