Dimension = 
10 
Points = 
0.6813534764262514 0.06091417748899275 0.4141143052607149 0.04372943605057711 0.9861564622323019 0.7803982605524774 0.0667828019294765 0.5787888289086 0.41986718379336907 0.32316282285776166
0.4071264612009624 0.1677425887877152 0.674507341446807 0.29548368086166865 0.3051535844268385 0.28524460834863175 0.23899044856000728 0.3244728004541274 0.5967154563407829 0.08419855205682358
0.9730999505791914 0.36825088165839137 0.13389009576709288 0.43916141254256824 0.7009882295196944 0.8058607125032059 0.08748810504771476 0.0652275604048258 0.021025852152967706 0.017566214939178093
0.8470660452684654 0.7069811263353764 0.7334789244980863 0.024346265894836794 0.417491309233604 0.5559130785005744 0.6357555436281566 0.008075100124803058 0.536452352455768 0.39039573260359195
0.15116779016184445 0.8252218321498083 0.20045323822112238 0.38684359869936924 0.34406417858716654 0.10112815640223671 0.8893700379420079 0.7008388310771785 0.131197689065206 0.9412586609019106
0.8074844494945446 0.5816329312008536 0.20982105268382545 0.8618790371255902 0.2189394862806029 0.9983370946872954 0.5222215890554928 0.2835822372943516 0.9069950054433386 0.562343422489814
0.4691852037736127 0.5085558119268445 0.23475219465558794 0.5355332783610622 0.22495436577513517 0.9132494557939022 0.905063629282385 0.32446765869881933 0.44672947145417274 0.21985981382191644
0.9398445547223729 0.07912535977665291 0.6687036970493406 0.772371031867511 0.29570201030284105 0.9409486851756029 0.34857461407585855 0.6868104255052275 0.8550746869556182 0.43880748826668337
0.6711992705724149 0.3473190352852781 0.2307543400343136 0.07855461292587418 0.8494976984326708 0.5895629896283433 0.715493041701696 0.7358165255052178 0.4747920844326735 0.09970789914163747
0.9263354893087068 0.20376849946814624 0.39791234058037184 0.5673688812938648 0.9457643405718337 0.008569843408580025 0.19130900515913785 0.10099665501856547 0.22906311371750587 0.0653496588058532
Radious = 
[1.206299369981237, 0.7788615543091678, 1.3656715033864513, 0.9007253123235152, 1.6310075659685492, 1.257741790354969, 1.125528823971778, 1.0448996405100115, 1.1105447218883822, 1.3723765613868348] 
Solution = 
[0.9155700828983605, 0.08198930985267816, 0.5458776215866044, 0.004577874469639087, 0.004080332400198672, 0.4501947801265165, 0.495158491985206, 0.37986333415924955, 0.7079405118977268, 0.28586692718930706]