Dimension = 
10 
Points = 
0.6597061709819445 0.18988391143517258 0.08421923074309967 0.326534628104898 0.8777327230861626 0.4360782430395159 0.7996721055081136 0.607547698216916 0.6849098756023049 0.01424213689006959
0.8839630323606378 0.6262858587276201 0.4031169145383522 0.3560656948545079 0.05600129927062247 0.39061625673396805 0.26037837403785946 0.31865747114792486 0.07159488278330928 0.8972675624681307
0.13611689516814263 0.09573084209329064 0.6042060669450521 0.19110333863311557 0.18513922664358695 0.06599728405197292 0.21419078755777432 0.7590002739718128 0.20002431842834367 0.5859057691480484
0.47988274856095414 0.5175227452180574 0.14704190220275115 0.749038121962244 0.7548718886153455 0.5602729720537496 0.1254848741179826 0.13584865204385843 0.12276033662144803 0.9852826546951882
0.9698353278586008 0.4421072155904956 0.8454912700714378 0.03167806677179219 0.3301709723667362 0.1945420354881081 0.546664395989433 0.587748589215414 0.7511552417188087 0.6991795822048188
0.8722902090234905 0.4973752384910757 0.28478598225616647 0.26910656418563916 0.9748707409693388 0.8330403613791686 0.8505508471177639 0.6886636606580185 0.07456722235951507 0.08806464004404546
0.28058786274433 0.6692805883016388 0.51318843418376 0.7239736549750626 0.12259740268364827 0.38550142035178825 0.8128286081214615 0.5441327662457789 0.22616758167429463 0.4693730196549324
0.26570505756120644 0.8429271309333236 0.026435829610265804 0.5602935601002775 0.11919433829067583 0.22832985868284572 0.0805904098726854 0.9566307324473297 0.9644991032943148 0.08341509914173517
0.2450173520806742 0.2267576459213959 0.7475819986116589 0.29316727891611327 0.7722269574193457 0.2361846584876104 0.4291591828506218 0.11968004904415919 0.2562207197008003 0.08797588535295153
0.29660441625683776 0.39182212190169974 0.6089831411093384 0.9725111866575867 0.9230612077612362 0.017238843736415044 0.628484502697031 0.08355459689384037 0.31021959978578795 0.5913483414179296
Radious = 
[1.6396727489878087, 0.828871283231319, 0.9451566636967971, 0.8777269640477401, 1.282926573660868, 1.7721486874411365, 1.269470295876051, 1.7503067956527494, 1.1997670753318608, 1.227979227559558] 
Solution = 
[0.4524834399761952, 0.0671113484553183, 0.44000263708832, 0.41438261055948167, 0.24108350427160796, 0.26150134723893603, 0.05032188499543033, 0.06824092252318292, 0.19573601796805828, 0.9984907469506926]