Dimension = 
10 
Points = 
0.23624008286737175 0.8332400633179983 0.3511996017669291 0.979288174434142 0.7595076561608213 0.05122245897010558 0.060800813841495494 0.0937023015458559 0.8087730050181642 0.171324861915631
0.8718380155918249 0.537094216523897 0.6204485878100866 0.11669585372067248 0.44306174336737325 0.9958208990559786 0.0057561398336135605 0.2271037745225648 0.9953169169585174 0.5922770887172675
0.5431073594394576 0.3601501143727672 0.973524593957987 0.1494226926830603 0.07177470167197975 0.3988444429446749 0.5049832914936061 0.7637710643704086 0.5659270741719608 0.18810714320757527
0.9405754174723556 0.21443849262059833 0.566554235590131 0.344143718647558 0.14820986162620475 0.7511934434686506 0.312474143154164 0.4869630408515897 0.1665114271131346 0.2957338848194797
0.7597123124132199 0.9032411096692888 0.9989462877134198 0.7892046222666697 0.8530683234512817 0.8695290416996316 0.3716276064446079 0.8816290469647498 0.6922511623592316 0.9387463014412266
0.45223124717919727 0.5205560779208962 0.07130184261190098 0.10382365220311718 0.8893757831684516 0.2976485686587078 0.3683590942630939 0.3061933104715201 0.4234350087765273 0.31374698739078466
0.19882947644326499 0.8617620356099032 0.08105667070606759 0.9755937618780933 0.3943188671828586 0.18125166862741204 0.6759146304859835 0.4952723068256907 0.465405351591213 0.6024993432501986
0.8987591109331629 0.5686000922108924 0.7485283164852669 0.5168433513883922 0.5335870306308494 0.2935823813572722 0.348213092275955 0.38868799810491295 0.0931029832453929 0.8041082197624557
0.6898696551155539 0.03913553643090606 0.9317263946845239 0.44287307145420074 0.5951212203839443 0.11421344694265945 0.4762582658218868 0.8639055535701856 0.8638180747045835 0.9190229309270783
0.6940347917013685 0.6277777145728781 0.27660484664505336 0.5332124127831103 0.5412260330353623 0.6173823184296675 0.6346156161315563 0.014978000388991664 0.41931961601668344 0.819303054013334
Radious = 
[1.6686851540602405, 1.519925883244263, 1.0490911774728906, 1.13200434735401, 1.3576977746423367, 1.473146334787674, 1.134477847039649, 1.035982918394302, 1.012850438066159, 1.1477980413615576] 
Solution = 
[0.2664183998354468, 0.22508685991919208, 0.671172653646965, 0.634362037125291, 0.04174848429602984, 0.45496361419516385, 0.5789255975959916, 0.7211273978772035, 0.36335414461519433, 0.9798380938205546]