Dimension = 
10 
Points = 
0.9063301491844419 0.2161137792958433 0.9007789565307515 0.815206314029175 0.06564307180701556 0.8613837040256422 0.0543822659612081 0.33861406861092835 0.6983740073819606 0.8784565637831361
0.5619795794070019 0.0015048564851583013 0.054132090964197244 0.0075240195911636665 0.6453465204993061 0.09989879570502425 0.1640044774594146 0.3417376284587922 0.0024566292580887605 0.5045247282703279
0.28520641377963707 0.8396946947601831 0.1745041864645187 0.9703814182928364 0.5386374333441969 0.31789116589757227 0.9801043760478215 0.8282854242277472 0.24115830575284036 0.06478147709826199
0.5774352132432694 0.868476082368209 0.49807318905606224 0.9620506874459299 0.5352024272562215 0.35297681485978094 0.32191588307432994 0.3984299363791315 0.28646545972672444 0.4594943928411286
0.35007455178002456 0.4225498007842843 0.8115406461652337 0.15936492579192563 0.6859992643786447 0.4462446811426348 0.34215807695652145 0.9672859733432526 0.8632596529092503 0.3141404143788409
0.6672067898533184 0.2976653391254681 0.6611039246445086 0.1266945616880566 0.7186464892948009 0.17449279753239377 0.6262218898760407 0.5538499273859983 0.5478836419291224 0.8881674685027817
0.2781682521184007 0.8296563476444356 0.4087522951532446 0.05563136489778142 0.8085802392565411 0.8384076675435924 0.4356526253606362 0.9715716454377235 0.9053739344460366 0.2815761039425958
0.15761559761207333 0.3208704288796923 0.8583944329859384 0.15671686300873822 0.2036922793740893 0.04835655336006828 0.4957510474356197 0.006748317981748464 0.1139915769833243 0.10810415666887219
0.2946764405875142 0.6520420126173685 0.6368087531253892 0.9882628493290433 0.33517213477090413 0.7193325349794003 0.366464877386515 0.6929621237592852 0.27035042563950906 0.9945349444185286
0.5597418478871595 0.4222492039435578 0.25981098902403976 0.40569787916777833 0.616150271108235 0.45594218456589874 0.4338805776940732 0.3810978750506224 0.3302763278514642 0.12570803372467487
Radious = 
[0.7483114630859344, 1.5367880125407314, 2.0683305560347995, 1.4519672283210012, 1.3851693235362412, 1.2909849293984523, 1.7124200673340524, 1.454025728804624, 1.5643753540612308, 1.2877347276748718] 
Solution = 
[0.9881160565214091, 0.09135073240110358, 0.8103679188470505, 0.34204739738149204, 0.07718603753512787, 0.6161648479059547, 0.04086058480157395, 0.054788875859269504, 0.8974424830215907, 0.5248629894801858]