Dimension = 
10 
Points = 
0.2453478095959346 0.0015905954791528565 0.6744144611608307 0.7423868634303314 0.7707240705373235 0.16609073673420427 0.6908803183132948 0.5840808263302948 0.07524859835247899 0.12011808027572335
0.30213682480606463 0.9691267520221877 0.9510715153220279 0.02641991599476823 0.04836400360180915 0.9713251039204523 0.49307342504467344 0.04754858177240695 0.08101015249044996 0.32253986928612854
0.821937625619467 0.4138491519200497 0.05855269016389719 0.36234486925811127 0.42790594219139855 0.7716085652853816 0.26456145655162144 0.3371767041131266 0.30224899724126164 0.9823244792089738
0.633675641278154 0.6996899602117216 0.9017262636183059 0.21432245123601423 0.12123841580196193 0.1611048622970993 0.922005623409768 0.11419950794679468 0.7721197612780246 0.3459979102421433
0.8017379378167888 0.06370201933704289 0.2019634921584187 0.09415764820914496 0.4750519489817957 0.7671683175470648 0.24694371452223163 0.39354826883809435 0.8755070296057795 0.9135983566090957
0.9218192770498388 0.7358769296022762 0.5578570498743045 0.10643427844172382 0.5395424139615278 0.41660216671075656 0.93160653042239 0.41978624088490124 0.43015944156580566 0.6937143228298104
0.31418892867248427 0.44674706762799443 0.8850517881081817 0.8049879263628626 0.8402643116226579 0.8680919762194986 0.10720489019378965 0.6348126957823573 0.7511014189252752 0.9079776169151788
0.21565800522791578 0.5554704645843529 0.4187459306791219 0.6656387135119463 0.03898873160381222 0.27473507035177747 0.660172266473889 0.03565935872574677 0.15221570130613893 0.8272274485305441
0.42539956963519476 0.8891012388842405 0.6267938021271808 0.03998930912339005 0.2075880738685899 0.6025950266949908 0.5499928666469082 0.9398653159446572 0.3113847955995297 0.3568097373686129
0.17196804198143678 0.8589857555411693 0.5236547543206393 0.4474864517626477 0.8196636882716982 0.9781152041329134 0.7017692598758531 0.19975588702297664 0.2013749382357115 0.5933529852613715
Radious = 
[1.3792389818006474, 1.4979684462315397, 0.764952625848753, 1.0266064685274712, 0.7333013616583387, 0.6342128008335383, 1.3749187385441706, 1.10749226674543, 1.2058168400215203, 1.2399925141904407] 
Solution = 
[0.8854364605477215, 0.2801073369914724, 0.30681632201558995, 0.26161587882747894, 0.3932817175059877, 0.530857011907112, 0.7851802336807501, 0.3301817447178995, 0.6282026494713119, 0.7479026096355373]