Dimension = 
10 
Points = 
0.2900808072620441 0.31457706517401374 0.11341498381173554 0.07685695511611823 0.3254159642577572 0.45394304704728516 0.658242914618923 0.39389858641195363 0.2971982078728853 0.22339845823947735
0.9991173264660793 0.6001499871486563 0.38997455508458456 0.0047746294737458506 0.1363341645545626 0.5719773780357852 0.04505574666735246 0.3588570606563999 0.9225348695156761 0.5583589586932303
0.0822564446796713 0.54525607668345 0.629394224800102 0.5725242887245647 0.9794419380965559 0.6427793797487635 0.6817103512665983 0.9869942658164332 0.36337108302219434 0.46666153877185645
0.7238238855095327 0.752239527465799 0.5490725134807259 0.6269293227134771 0.13756182809412898 0.9900981041386719 0.16700276650664125 0.6087161442907256 0.22736891260986114 0.5766382717620891
0.49730613937105983 0.2705494784248266 0.22564757112018008 0.05727375806054302 0.8892516606117535 0.9512184046065374 0.2913718082407927 0.035066178912511514 0.0822232223882784 0.045830265446610285
0.25465502881753843 0.6160781426625076 0.7742734699127123 0.07631212582279057 0.952853274611559 0.6897611577224743 0.64323063246661 0.5451545523717058 0.40494701084806506 0.5398806585846461
0.11501708257947829 0.345904647839836 0.6607281367807417 0.8808187840720313 0.9982543626149682 0.8910179326148971 0.6644467474501384 0.6093479609577144 0.9360157965742629 0.3591683054135547
0.8856704274241032 0.12992291088715346 0.35016027169225983 0.618093301547307 0.23883189870851296 0.02047466132261011 0.4325837019397887 0.3832909086047249 0.925291908350009 0.1451897822067867
0.6452265998800749 0.2649140310660628 0.20965204111271507 0.19908649835710823 0.3207755863580477 0.21111887655779538 0.32057676285800096 0.4023120335222625 0.7858898079340262 0.9970534063187787
0.14628328825375503 0.7476689773196675 0.3347742867695307 0.0918723720502772 0.9952352792953955 0.1477172463765487 0.7685301145075359 0.8208349042395399 0.4815287391842943 0.443846104911901
Radious = 
[1.4346194084473385, 0.8912528120463556, 1.5996981483595487, 1.0812706610073866, 1.564928857212644, 1.2733947622097483, 1.4664594377537146, 1.5095995808093938, 1.0444275663395342, 1.6012230129866976] 
Solution = 
[0.552546481844828, 0.9194239713587571, 0.5070533310688424, 0.3436837008997202, 0.3366381246220098, 0.8193060164251432, 0.19173355672729742, 0.04303505130623908, 0.9432235730808738, 0.9344231878419498]