Dimension = 
10 
Points = 
0.9318377722438401 0.732752626722572 0.4082799552521438 0.6208592566461721 0.33463403634496824 0.7773921579132606 0.023427197696063384 0.49934817723201574 0.6835354765752293 0.8919091102730107
0.04020898481224189 0.696309852676168 0.9675022283285831 0.6746263531194479 0.35405016705186565 0.5288333991516185 0.35671221481310167 0.8756027021678999 0.5002927649891854 0.4459239960359831
0.8429021235763818 0.6104946768426709 0.6393587941177 0.023447810808228664 0.08067262392784647 0.9792881593335047 0.974354738362369 0.8122648037197587 0.028958368533212542 0.7691498287410994
0.22826673758273952 0.34295754466765216 0.21876056368378272 0.16048927333839202 0.40212406460787986 0.499891182909863 0.9674319969954072 0.26230851302781755 0.37135137667452656 0.4908220963796771
0.8796989309769724 0.2356128581819963 0.12180977679581162 0.35144858243027366 0.32200482624630444 0.8782347191834462 0.40132273550578845 0.19297114370600865 0.52025217546435 0.007642882821039976
0.69950297230919 0.24322497700084578 0.8467950218204088 0.16257098690425353 0.10606396516808114 0.5234665690891154 0.27525852858989375 0.6134508031021906 0.06384706416658203 0.7424741511874084
0.9856237149636558 0.00720405382353595 0.7121416091025189 0.8616033536035687 0.33324614816557574 0.16530975296290507 0.7145370338023852 0.2572913405321624 0.5567155988496284 0.155369439591457
0.11770473760859756 0.5496789643681893 0.8827023156694723 0.9729989915801799 0.2573454369600956 0.2265521351999602 0.05806111350554888 0.6478180049370472 0.16248285577588162 0.2186468913538988
0.6008317224216219 0.9991512606233879 0.8548224919326515 0.9776776686998127 0.8017036677033283 0.14334219047004038 0.05091468945056743 0.96590427585215 0.07468688960505876 0.8457806712016956
0.12834130650223652 0.6056508322519415 0.27358164977639177 0.3720697731994199 0.02823109627927123 0.8554707568540475 0.7310201804495553 0.842527457409168 0.5110402632836989 0.5853759138311415
Radious = 
[1.4002526759702465, 1.1637055782765533, 1.6633766756378912, 1.2498342424762783, 1.3639453223008327, 1.4774143138707785, 0.9650135827121921, 1.3977108551363013, 1.526846028367701, 1.498787685439291] 
Solution = 
[0.6582617426403186, 0.5260247604249437, 0.9342526934837958, 0.6262374170974083, 0.863048617388388, 0.3248449054457788, 0.8034730443279224, 0.37956692170332185, 0.8925476879047953, 0.24698671631555202]