Dimension = 
10 
Points = 
0.8153367420653531 0.7176813330991049 0.4184025179108959 0.2807842952252003 0.15314377576351723 0.8074244366341724 0.054699946286201784 0.6743128379115874 0.3929956636287911 0.855767445046538
0.16180370573220848 0.9219329837642632 0.3311947396777736 0.8318510659324762 0.8909247018611255 0.4365381141085918 0.3096313368751208 0.6072963977474133 0.6364124487450186 0.6470436862178233
0.2987837730172388 0.17383632953557615 0.04780385219566963 0.04560522938939482 0.21265737207001145 0.33439944015250866 0.4727591203770187 0.42013579697174075 0.7786696217945628 0.8457427756226854
0.1891499349400847 0.6395998954036576 0.943002508517718 0.49191869626155504 0.23699889142085329 0.6371562473238616 0.09988365994269177 0.383201646349711 0.7071807521872365 0.9536630096432464
0.8767748688377281 0.20033470260608988 0.8523131478008017 0.2067187855886099 0.8384817030620596 0.5958631311165501 0.3384008590523112 0.6740510989323509 0.3332599101267243 0.8646748398655631
0.9072384609207716 0.41521303237663865 0.8447996161225476 0.08674174800176104 0.45588320669675986 0.9856020391046598 0.670724233191572 0.004651827012223331 0.2220566813989262 0.6994718279570215
0.17331251379713697 0.0055908734599291465 0.6378367044056688 0.4903898278513702 0.39475296282512917 0.112021086292582 0.07783856263865663 0.9992033550836668 0.8048603711957008 0.971372393620449
0.7296770169720936 0.10765517466068375 0.719650053072275 0.026515725538110213 0.6282856162504185 0.14898687115874687 0.3926815602723571 0.17066689888745257 0.8565626791164614 0.566023305006062
0.37978739864165056 0.4970911564392422 0.48355974276741265 0.17233281751124063 0.21846398235589792 0.13832513312389771 0.7973905126040826 0.21647944350219184 0.8198570256162797 0.8754848984099
0.570162231920572 0.512533326104569 0.21281975968252997 0.2420503432473029 0.8748331828885054 0.6402149477035975 0.2137290085148411 0.26030075260699037 0.945107349500305 0.4060891065300225
Radious = 
[1.3849397983891925, 1.27944734774222, 1.2261983985830534, 1.1534800778813208, 1.392999033449069, 1.4619285883245432, 1.274376834330815, 1.3764829914640417, 1.0758603209801791, 1.3641360768989323] 
Solution = 
[0.4394748041374342, 0.24342780707814848, 0.6003913469228805, 0.9264666034736245, 0.2128194772253239, 0.7016372055119694, 0.9018097643443505, 0.5883344618765662, 0.987649438864559, 0.7636181110600768]