Dimension = 
10 
Points = 
0.3811367936626747 0.27388474075108327 0.6922602956928672 0.7580825581413683 0.8257025074140041 0.8225682789424895 0.21132073934678786 0.8324666366148038 0.7459142090498287 0.6559571301168339
0.1591123047957177 0.0030448965913163484 0.911386652742844 0.26951349535177027 0.22442182214535933 0.03864973212336276 0.43861779321360717 0.2204930471470189 0.08486735910507903 0.9429668467776166
0.1992367585030822 0.2163941312107308 0.8637333387029286 0.41984207274466845 0.6688934567546453 0.03692182745961159 0.28160451618233917 0.22054871516962982 0.34110284504945365 0.38431319771252204
0.8931147512124084 0.8195358958389632 0.42902365222327077 0.042958006960168715 0.9107055933226398 0.46838003250475935 0.7194553124741924 0.6280247009141806 0.1588407775723356 0.9699642468707583
0.4254981083115039 0.6014758299928477 0.7544437978063899 0.6145331408474783 0.7724510516226524 0.9423985088220346 0.8659351224319912 0.34271221165497434 0.7636302376022868 0.29035200852313336
0.7217407416748506 0.704380133838258 0.31899193213180166 0.5801599199974969 0.1975352003629517 0.8604293477805921 0.1672125812874815 0.49697932844378656 0.44834538627249365 0.5727537266538758
0.4114860380695752 0.9792159299703579 0.9846238240814954 0.8856326097149072 0.7189106150557177 0.05217281393144391 0.6535309538200628 0.1950173622147232 0.006892147272174465 0.4308556243432953
0.2583647132613722 0.692348140642903 0.954444588041124 0.4221735410195696 0.05158367831820565 0.6717394405545257 0.4768476924119327 0.0383119232980188 0.4021970864394089 0.9891515976074023
0.014424756474801237 0.2627909662779131 0.2000376706326613 0.07014914084043933 0.5032105147708864 0.2565869070616119 0.14360650043024803 0.9320008149620548 0.2529957798541058 0.6738308599929878
0.7653641470170911 0.9913481135907612 0.03496608734570861 0.6075298368017201 0.21840831658087112 0.6606667650602485 0.5563805085384871 0.1858186171425913 0.37102310258162996 0.8883519319686474
Radious = 
[1.344092233503023, 1.2891110628427571, 1.2231961778589706, 0.9003610952467429, 1.3306109065493068, 1.045430215890661, 1.5190120239982903, 1.3817276187498146, 1.2684975052555252, 1.1113068203536471] 
Solution = 
[0.9163360252848187, 0.19230762936075663, 0.2341229525113686, 0.18707495250343742, 0.665999766556952, 0.5960651552885019, 0.5131844672655377, 0.25462973530505406, 0.056353316159248545, 0.6711666141013688]