Dimension = 
5 
Points = 
0.44195686155801994 0.9996664406836001 0.01309387569856646 0.9599472932763775 0.20368430791522385
0.03756618618053886 0.23307378961788283 0.8839671530788467 0.044443590060497584 0.3756144335337237
0.8067551593958261 0.20097180647409285 0.04600327474844634 0.27229008770108054 0.33643370152124197
0.8078760167419464 0.5059686185253736 0.4537805425782231 0.5216300945166384 0.32046060836531176
0.7892587799296866 0.21431877818897216 0.6672397621828472 0.19357963511615373 0.2344286287986208
Radious = 
[0.5795322942834711, 1.5847616898648658, 1.0211107767962644, 0.6972504541224255, 1.184990492265182] 
Solution = 
[0.8869900023135959, 0.9886205614958427, 0.17250837723342416, 0.8749651532676685, 0.5277926615249294]