Dimension = 
5 
Points = 
0.13983294964008708 0.0019645776760316425 0.19747582811108189 0.8307056986948823 0.7302681537331414
0.6744108969593743 0.2596923000521669 0.47945731596646557 0.45290929864174356 0.533067239777397
0.4490178502086216 0.5674160901953902 0.3326909861824574 0.06513163133662259 0.5038135790625807
0.9880088787142829 0.10399380592912111 0.3123934018421677 0.5525303279275625 0.8923690220874719
0.746608764152319 0.5995187742393101 0.5031786886095667 0.13344837111468577 0.3101767943511764
Radious = 
[0.8983315486881481, 0.6879541448616716, 0.9130299610748732, 0.6854800337856901, 0.9583249947015429] 
Solution = 
[0.6646276861479964, 0.6344964239665616, 0.438018242713509, 0.7908397134970196, 0.9986774854110323]