Dimension = 
5 
Points = 
0.1815427213574612 0.01370117680516636 0.7985457964378404 0.24629302802404784 0.5526007547918987
0.3109965801586003 0.5004136524294229 0.8715856635758646 0.04614674504142524 0.8070695197295056
0.6319425903750944 0.5706374545233288 0.7804342914151507 0.8803671089577295 0.23386726241116407
0.9606907521913378 0.9819303913166735 0.9540103593396104 0.7866972957341928 0.3300199807116888
0.02424605466615881 0.026785329267867142 0.19620261868632627 0.08299616064778392 0.21107502833212322
Radious = 
[1.3067461341329476, 0.9404030650412644, 0.9013356070034249, 0.6412827977766936, 1.690754266747091] 
Solution = 
[0.9100454460216845, 0.9755496255474115, 0.8424728178286907, 0.5800819178205965, 0.9245848871422695]