Dimension = 
5 
Points = 
0.12933526509080162 0.5713105860536716 0.20176062408379525 0.6505564846720994 0.024125013870152867
0.7146614998396641 0.09709159454906091 0.4198282684548368 0.3216898363307179 0.907435330878759
0.5378706381681772 0.747159774573757 0.1969950581234864 0.7993226302567472 0.5876095305387488
0.9373509048108267 0.6576144265560393 0.5712286460432783 0.7596648293992606 0.37476123036364584
0.41914466676319684 0.5311139301255543 0.12574118912048748 0.41559325362530575 0.681315693338895
Radious = 
[1.2232551043127573, 1.005142134850183, 0.6874962447520913, 0.4998752050523147, 0.9682915396790617] 
Solution = 
[0.8336752684370026, 0.7783683602223347, 0.7743423438609891, 0.9423090028789073, 0.7619704789688988]