Dimension = 
5 
Points = 
0.60750229391631 0.8977646090701417 0.24071296656785623 0.6674800805168617 0.5035748320468616
0.8558959163838497 0.7602988137499646 0.5051508560296 0.9570458070385682 0.8105944835439375
0.8356273495277916 0.03424609664471168 0.08385062059156656 0.43219106821789044 0.2752902923091144
0.20549105204299867 0.5435624428759571 0.07441341562564407 0.7885949433220221 0.4611734251956684
0.541149825630909 0.3606392219276555 0.13562710263771793 0.554332984908371 0.062437938632803225
Radious = 
[0.47636250431743193, 0.9572052570097322, 0.9927833454724478, 0.6237529103140133, 0.562368586574348] 
Solution = 
[0.39324128669256053, 0.86289669679831, 0.3351982986274653, 0.5438478497791925, 0.10913183420654404]