Dimension = 
5 
Points = 
0.19890265456430667 0.1263706103017993 0.005109620887837063 0.6148186078042072 0.3165508083811247
0.15818322343051294 0.22450047117270633 0.20664529718120506 0.2626717860393365 0.37329571417240615
0.013827641975425298 0.23094132923282484 0.38022192529244025 0.6701908450204752 0.5464322949951809
0.9968311583638911 0.9020000448119895 0.6248271277299279 0.4509863901195793 0.026958391901321765
0.5129978053181704 0.7884166513603719 0.3518702090312791 0.441838818187387 0.42874065197476297
Radious = 
[0.8378423256109633, 0.6131245952489293, 0.8393954738420107, 0.7744573480162995, 0.4031535988541186] 
Solution = 
[0.6524038892226369, 0.5044141607893114, 0.3991716919831395, 0.20326841535762485, 0.48608248655548625]