Dimension = 
5 
Points = 
0.7599653802473945 0.9485070986327453 0.05825996205472117 0.5327482903075998 0.41475117676181417
0.16597606831418577 0.023314755267966558 0.6617376612028153 0.9326900501971023 0.5844479620294581
0.09235663517126758 0.19977879484959238 0.15440831017917334 0.8365867436890333 0.6465467405715102
0.0368645408519227 0.5385100675814195 0.39245694606428905 0.2566239944568479 0.026921007683953113
0.02266038363402989 0.07998134893498232 0.7610326217347271 0.6038263294629214 0.2946081954861707
Radious = 
[0.9635004039269818, 1.0525430396365405, 0.861383728345992, 0.6652728589987228, 0.893932489446763] 
Solution = 
[0.14538818304633172, 0.5144236770405115, 0.34586104172291954, 0.059737039467338326, 0.6508559325354748]