Dimension = 
5 
Points = 
0.36666888946152765 0.2309206935288829 0.22454416629799268 0.1999104207671213 0.45270150482576044
0.5147388284247791 0.1487835135770722 0.7766451900133499 0.4803198010569507 0.7156605639440999
0.5947728565406208 0.6793793428622186 0.49112554799529384 0.24479992280294038 0.3510209903743129
0.38801936359769307 0.7981121492452526 0.7054253412937059 0.5577946536687955 0.8425813738869311
0.9323347263276258 0.0923337194370405 0.2989740880576963 0.09300772884411213 0.44800712169756196
Radious = 
[1.2037679581670195, 0.7138938338229354, 0.9658570576907121, 0.5687462723446156, 1.2347998015643131] 
Solution = 
[0.7585561193796838, 0.621504539638756, 0.8898601116873055, 0.8982240076870326, 0.913829233799481]