Dimension = 
5 
Points = 
0.4168759552513055 0.8083285504854508 0.9355431459788529 0.6395532487743557 0.5443802731703236
0.7758579007596783 0.011797119944005008 0.1940054817095077 0.08597627627196003 0.9275570992122901
0.6726626468918715 0.22867533140020269 0.33106974671403033 0.9575206500215798 0.7713835425842834
0.2391515440658596 0.1067348549055922 0.5057981234346626 0.22373566696801017 0.7630171580581406
0.2582086300826222 0.5706261637603554 0.9007259162990106 0.9231266230404325 0.24385785466550192
Radious = 
[0.558682431456127, 1.596674736949037, 1.1498928581344559, 1.304103942954148, 0.5588471051148711] 
Solution = 
[0.5227854899294233, 0.9833866210745226, 0.7746938841647977, 0.7662523783267411, 0.0665322354552279]