Dimension = 
5 
Points = 
0.14132283490413788 0.33336197296171 0.5445698639164396 0.2123011641194762 0.8298865238230497
0.4120621524850616 0.9263142716668261 0.6901780228449703 0.04531142171878222 0.584940348816325
0.635509696955915 0.7462349344574554 0.19925054764230055 0.997386960617791 0.02115892161472055
0.31319310556420177 0.3749305763965113 0.568895375334327 0.9479755108560638 0.725323666266258
0.9793393930318401 0.8072176840710517 0.37729936233757044 0.6227350147464158 0.8103405256522195
Radious = 
[0.8920485256479075, 0.5487533660828312, 1.215418581789059, 1.091563905599275, 0.5240671681876267] 
Solution = 
[0.7666426028269833, 0.9493493581240809, 0.3937613071613911, 0.16766892098096076, 0.8533395270045803]