Dimension = 
5 
Points = 
0.2877650095720756 0.018022578126209554 0.402336942260731 0.6122648177363459 0.3928941115193667
0.07844165390596747 0.9391320326399955 0.9412301395472403 0.20139857307864728 0.10394793786688261
0.9201841420757377 0.13256869742518318 0.8833083894298408 0.7856839467562456 0.2644442868763518
0.2333355548323236 0.7858748820811983 0.5479072263538155 0.817668832136692 0.0184524307392242
0.29838981415604826 0.9458240844352953 0.7809768521701146 0.30167958083577073 0.6347473509728496
Radious = 
[0.9269644574322936, 0.7822546742511578, 1.1676871920619913, 0.7187869715568729, 0.3419121270515628] 
Solution = 
[0.22329841764991032, 0.8781236137623928, 0.5748417560398607, 0.5511478019516723, 0.6789713248217483]