Dimension = 
5 
Points = 
0.7604297411468419 0.27997626973350687 0.8046839192369813 0.3470491993893108 0.6843285023395882
0.149386541764571 0.3637665320454103 0.9425777201040535 0.34599347763659993 0.44631050701664066
0.06274784963957813 0.13787229320062655 0.057315844942593785 0.8738526900181822 0.8957508993265798
0.625910217996788 0.8673209111561924 0.19416874529254669 0.15473638926857136 0.03332110738383631
0.1578392619104385 0.1264706517781603 0.11550565045834982 0.22319778534476797 0.6925733053334451
Radious = 
[0.636508433442198, 0.719311626850765, 1.5091962441666995, 0.6973601578612023, 1.1599196807693293] 
Solution = 
[0.7159983098518737, 0.6809814161591118, 0.8295764335669242, 0.15283833753027398, 0.23263589650836103]