Dimension = 
5 
Points = 
0.08151753752055557 0.1942662702696063 0.14490554991596172 0.7590389723496344 0.8890824383024585
0.8948136576216194 0.43038296157661193 0.16453199441748367 0.4075602178189638 0.0779883126531894
0.8638898158379172 0.3929029989071784 0.3794622834678959 0.650626191219613 0.10024845346080702
0.8023531586963935 0.5527331458770683 0.9062480185103218 0.09803543450422192 0.3141999276656431
0.7553314708086425 0.17326392238972876 0.5843716008306941 0.5610045035675107 0.20898402284833317
Radious = 
[1.2075088461693362, 1.0583234741373087, 1.0535745032472745, 0.6341219778336891, 1.01933100079164] 
Solution = 
[0.5339631933642895, 0.9227559004353838, 0.7038431006153986, 0.14667419573577634, 0.7012751018987984]