Dimension = 
5 
Points = 
0.6717226042157959 0.7362986088763953 0.6754542723515499 0.31288902267159313 0.05660634809981091
0.1194633856506232 0.901677680391723 0.8978915658279824 0.426758821485013 0.48963737213243186
0.14600151964986574 0.14038317764365893 0.6910390866579026 0.005319935762147954 0.9323079350945921
0.2600774776306911 0.6337440281104512 0.8422326871394165 0.9447647864440277 0.9846519572620884
0.7059747499183953 0.8667142982893332 0.49749021520944403 0.8697897283740156 0.9200343434353931
Radious = 
[0.5818905476237384, 0.319825806890073, 1.146702828582068, 0.8196724585847684, 0.8013964831236349] 
Solution = 
[0.4148527298878011, 0.9848567057210167, 0.887427325393086, 0.4879608861210891, 0.42437069789751125]