Dimension = 
5 
Points = 
0.8972998472322532 0.2020514500056363 0.09805913344546624 0.031779264382366 0.5255270493403216
0.9513921788622685 0.11556672191627693 0.32279551267379303 0.06289715130443863 0.36896949574743587
0.9263480134148826 0.8873760965061136 0.8152927512755074 0.6600480889953958 0.1305745101641158
0.45419562131697067 0.3542365293396448 0.713438040509419 0.6476988986364905 0.569588858741798
0.2119673106122023 0.6398634825839666 0.005747087287199415 0.1915646527562257 0.2561886361227699
Radious = 
[0.785979869854696, 0.7978038268389032, 0.7255964828681072, 0.6649674592482585, 1.0414219990316198] 
Solution = 
[0.9675943408015709, 0.6412780617782422, 0.4445997044435944, 0.5533460593510754, 0.6922025860568837]