Dimension = 
5 
Points = 
0.6087724213783785 0.9359323574244532 0.25711842008120456 0.32343480591061 0.521203118429231
0.3478292373145033 0.7118497605125138 0.9475140415268828 0.0225691048101887 0.6850971685045371
0.06299563886334913 0.8409977072647329 0.9691862988689434 0.9449622506487814 0.7929717817122441
0.5170583044891928 0.7310323187885607 0.22689286482094717 0.6017115495202604 0.8756965124244799
0.8729801577174865 0.7769408462474616 0.9297012430358982 0.6938669969207828 0.880493892828229
Radious = 
[0.45182541681063154, 0.8614153717064401, 1.3185839850951755, 0.5494735004843304, 0.8907834737601233] 
Solution = 
[0.8107426761472589, 0.6393202243269848, 0.2415742106684804, 0.16574310124314529, 0.7454065300822799]