Dimension = 
5 
Points = 
0.5498037289254064 0.22301497762045874 0.1266439522848104 0.34841915953719793 0.6424853167223988
0.36433996038771344 0.46500948604920456 0.2596331946831054 0.7487206045950251 0.8350189212075025
0.9341170550066973 0.9466260802850947 0.7798997525545326 0.21268421516746472 0.055658046528898386
0.3651047089515226 0.5672852895758269 0.33140074085376103 0.03581624300444075 0.2861703469657836
0.22748125529138086 0.8438127139860833 0.776822456343037 0.9190929106373088 0.7128899750688631
Radious = 
[0.6951636318072579, 0.7604244598576483, 1.1540258151297487, 0.40669324871798357, 0.9773835932644228] 
Solution = 
[0.060567820982440956, 0.6352586128427489, 0.2652806225437322, 0.15756188231114443, 0.5071736026146879]