Dimension = 
5 
Points = 
0.9315245398038315 0.20852756271996598 0.7367045044638293 0.44655921025456313 0.5393223641422986
0.5921541673181906 0.19226037635388005 0.12185668596159926 0.49657040713787914 0.5513652074770239
0.21319438909528865 0.04729421808665779 0.0074868700601998794 0.18946711211042322 0.38126058809559427
0.6889174412295905 0.6276803874158773 0.1983963311546123 0.624833983282268 0.7683163268064549
0.32071434924943454 0.44076369680559824 0.739357484827745 0.7933538272415529 0.884288814035748
Radious = 
[0.9789689151265193, 0.5677539411258229, 0.5233945400822093, 0.8005509521825577, 0.9122877861958876] 
Solution = 
[0.2739159767444046, 0.14171839691976784, 0.16339308598573477, 0.15412677572861977, 0.8668356289421482]