Dimension = 
5 
Points = 
0.9583137890853332 0.912993058660771 0.850738710334842 0.8789795183479728 0.08697901166977617
0.03883293453031755 0.25872782884318557 0.789920224431658 0.050391350428687365 0.07132082832469588
0.18720512548194024 0.8793992089046552 0.9885965668207681 0.009649194146169382 0.9443291748773277
0.9393318149462355 0.7698021860919929 0.32922702957256533 0.07893524099322302 0.5185013367357278
0.26086757944664885 0.21361147116753743 0.4802628433872205 0.9164034685053148 0.3412373113319851
Radious = 
[1.1502077878043935, 1.0685311583182584, 1.0176608657289348, 1.2738105300277727, 0.5574048533624834] 
Solution = 
[0.17107587093335908, 0.39174119678927144, 0.8073863328557223, 0.8604534369960205, 0.7421952107382715]