Dimension = 
5 
Points = 
0.4751114339815118 0.6104515295216091 0.007491309248415234 0.877704688269002 0.6835904318214849
0.11372909537084974 0.0690936157635943 0.43196203781047515 0.05750518743569566 0.2027129937005303
0.7759122502838569 0.016747486337447492 0.623142555028563 0.026014399518344833 0.4561815335229622
0.6271402770821483 0.4673351938459791 0.757855305029929 0.496080653554723 0.0923280423608116
0.05480837713317066 0.14522840933318182 0.6274786484867634 0.5691512797213838 0.23987914200844773
Radious = 
[0.5545474376757504, 1.1433636387184352, 0.928961034541817, 0.9367473105175558, 0.9615654604238603] 
Solution = 
[0.6786120975324219, 0.29351632633081637, 0.34498278901663126, 0.7512768819948934, 0.872740976177209]