Dimension = 
10 
Points = 
0.08203350569240564 0.5098798726865218 0.887586433368596 0.8868098114541877 0.452608252399184 0.05897802112690187 0.25486817603039047 0.8494678294893553 0.7960854589709853 0.8227894763985816
0.8554396860093323 0.014844018156890848 0.5500104490297769 0.02328319802211609 0.3274526380903905 0.8858112727347552 0.8737955061639799 0.039278860427643725 0.9289908027203386 0.6371904819401204
0.8660638436350815 0.7600491876499201 0.300505387666561 0.6044440112405894 0.4868189287642819 0.6682899607908922 0.711077863019417 0.692763665002485 0.4313141096387296 0.9138206105068336
0.4503253003326927 0.35817919269301157 0.131363072041212 0.12743162528733598 0.18357865458737388 0.9599089527451806 0.19249064226796742 0.17123758837446768 0.5377577936405793 0.39289393501638425
0.46025485022402635 0.6699897634375801 0.12261193566599193 0.6941306277074032 0.2319470980784053 0.21416208313483054 0.6332119916296207 0.1866306325728322 0.31496981509951427 0.040037037897758476
0.47579691933326473 0.2082350987578261 0.516980292183468 0.4189257685375265 0.462170389660309 0.3088380192588902 0.3343058060635967 0.6892790650542402 0.7152119502479204 0.32428642083752457
0.34594676483299514 0.004758823884388197 0.03553613970353742 0.811908051435597 0.7955091413557863 0.5705733959521733 0.3874572252641908 0.1604729848215618 0.8670776174461696 0.7773234969819861
0.7534356571893568 0.07159774618425441 0.24317811737870632 0.29591943662230225 0.5530031565945039 0.5441566339025349 0.9684155507024829 0.8111800755959638 0.012711305172628085 0.8460738783349072
0.5104396078871736 0.9091307304809153 0.7788865960135144 0.7238474829012995 0.12729152201284843 0.35392979862506446 0.2741198148095936 0.6925011796406864 0.3369612968986846 0.7188753730289968
0.9831773276986171 0.4815855682821788 0.889915468841942 0.020630361766621474 0.3860680491962867 0.891637664002168 0.11977097297553219 0.5774532637439876 0.69469856927033 0.4403333180953225
Radious = 
[1.5734423331795442, 1.3999994350266565, 1.0602737296587659, 1.07361049756411, 1.0298521870316908, 0.9858561517590512, 1.2805526766215471, 1.072261984114104, 1.3419053729263855, 1.355127519292903] 
Solution = 
[0.37786138349644627, 0.4188635831926778, 0.24385478715613385, 0.5374030432440678, 0.6463012307741862, 0.9235101757735041, 0.7777210643646969, 0.6874002175661643, 0.2976770896017492, 0.10832297405240288]