Dimension = 
10 
Points = 
0.43466248784330264 0.27758540432770795 0.18264062920379454 0.4917017764654382 0.9289318955301322 0.2173048322057669 0.08443856652918313 0.9107860642228325 0.21676235888632056 0.6120221197370561
0.7135498038229784 0.8917569496010205 0.21966716426308064 0.47965831365403866 0.7679673628733757 0.10206439429314773 0.08632205043870356 0.19996797658788412 0.6057127023138497 0.775350296704367
0.6209622086046228 0.4566248474097352 0.6770417103325216 0.7423171833486722 0.814846543862125 0.49934772056710364 0.6841855660649013 0.8281387921393307 0.8122816210062053 0.5279754264916083
0.7573919311650871 0.9277430917046521 0.06802922311211479 0.9428458920887897 0.23962565072984132 0.4893194559691274 0.33940900533839613 0.09172310906437275 0.2438594233265705 0.24963720121576916
0.34886491509161666 0.17862041619175495 0.17199996493503877 0.10163923582086509 0.9435137480971785 0.8870226588748471 0.3617589666180392 0.24692758522061464 0.5518553074741988 0.7055373817725763
0.24706314440283983 0.8794222450425022 0.033460159755681285 0.615166252642184 0.7384738811211716 0.08588605505596603 0.14205741358774704 0.39800537146651216 0.07962734491696566 0.595053932840274
0.8328201916057818 0.9201276130355324 0.47567892263720957 0.05803546502431034 0.4433358904821346 0.5743120520952048 0.11277040131818206 0.7683803083258532 0.4141077960709113 0.4288568398645489
0.013001941163613973 0.6986679406974511 0.34148647133493637 0.2646089291827324 0.7941554378987755 0.4982651274181811 0.11196874589827799 0.5945275828768866 0.16803231041448685 0.15097078141075093
0.661040836754309 0.3249307348467393 0.9175925371097856 0.36734127401292505 0.9525625185648082 0.36382887415593124 0.3148516962599459 0.6469028779361937 0.03561410754150984 0.09845056538837149
0.3912627693627613 0.851970032176113 0.23464271497040567 0.30230685012928926 0.09097984072212395 0.6320159724039754 0.9008477310485532 0.01565394791790986 0.8928634129182802 0.7577529257484104
Radious = 
[1.4353909415434534, 1.6658059651093484, 1.2252779281821515, 1.5339526583479361, 1.1777115815480497, 1.5911237760209935, 1.207356242236481, 1.3099266789376998, 1.1520273392376843, 1.3623161055036586] 
Solution = 
[0.5811494215079966, 0.366090652242538, 0.6072688102376593, 0.10142029653125895, 0.4478279192159841, 0.9181494922631882, 0.9917125356757959, 0.6055048138392968, 0.0268286673821585, 0.4591658111893173]