Dimension = 
10 
Points = 
0.864025096582049 0.14472804692737995 0.058283431686605325 0.8357190009404103 0.13409156351157203 0.8969127661500781 0.04028004014026365 0.2672415115775778 0.926087899177752 0.7915451229982384
0.6559681549711798 0.8620393569840205 0.4049152981426394 0.3303411355915987 0.5283243246492385 0.5269514083994284 0.21349006483817745 0.30001167865118883 0.876547382998336 0.9979617890220417
0.550733968022281 0.7285075257586182 0.13522334910750688 0.3981513357286254 0.5075622963006104 0.15977055637444026 0.11404573999649459 0.45257674330623676 0.9741639786144614 0.7956475501146806
0.6303348326261401 0.6839050018570781 0.2025445406327291 0.7999894781673832 0.5232530878486612 0.9993561913876351 0.6138224872537325 0.5326986397424267 0.7832804716692693 0.19377246203707388
0.7298857000190493 0.4006061874846445 0.09233068276488987 0.07780489398191048 0.17804178069012278 0.6803262184349209 0.016438548682531695 0.8106025819525536 0.10668453506512543 0.06417908583182486
0.1719663012316356 0.7606492042023898 0.5870555746035651 0.11113683636281901 0.02003280761792492 0.8857362364246745 0.3952143868854132 0.37200182668306425 0.8020859658320905 0.033533946778438906
0.15839139460789586 0.4387216327491392 0.07264279033451382 0.7454684825432831 0.44756472594183383 0.5192568352828028 0.2974701248564189 0.19424171191389006 0.8029258995804878 0.05866064808655891
0.8642081172604291 0.05024280545021009 0.11555716908748648 0.17386255627666047 0.8498767351130829 0.1162310707424613 0.3315697651955333 0.6170877661380538 0.8099186497168247 0.5070409271446396
0.689164784516329 0.733462211964264 0.750887115061152 0.055617649006869385 0.42796193731946885 0.8504616488865027 0.9941637234798458 0.04839303996309885 0.8220572192491276 0.6330071824853329
0.3973934999972425 0.3764525138239604 0.750420153133639 0.477491180695233 0.37481405940523005 0.040957506951957545 0.6800564628124807 0.40542657868382626 0.9176547672502204 0.3975228552388115
Radious = 
[1.2305319771263268, 0.7494138847713021, 0.9759121850939189, 0.8007236509948908, 1.3343677724961478, 0.8317809590316824, 1.0310880607982873, 1.485773913461665, 1.0886639871899872, 1.1457290990549795] 
Solution = 
[0.3949868713493475, 0.9630494675447278, 0.5889382654643339, 0.5332362727574929, 0.4075698671727951, 0.8730466981546442, 0.224748070425569, 0.4759261451601615, 0.776923986578194, 0.5153491526957883]