Dimension = 
10 
Points = 
0.6193405580185767 0.06809529204167164 0.6811142246250632 0.5566889346383902 0.1545260398286259 0.3101404456015108 0.8928002590998221 0.8313916549613327 0.40867945791932114 0.761871273534909
0.384668105459822 0.42752569596752765 0.11783204111061252 0.24806809910377836 0.9138346690830209 0.29293957366880075 0.37464738644554685 0.17351323590480483 0.5048145976942784 0.671226358920924
0.08721136808080587 0.016933568532513932 0.032046459367458646 0.1523410414667543 0.13076959689669398 0.3498006956637322 0.24489748170554593 0.40687265067712275 0.8185879149008386 0.014017642839711852
0.1177381614313261 0.20876577381536587 0.9836983813974259 0.7783400977162513 0.09731093154686155 0.375559355851358 0.23513467598705073 0.40321654527354545 0.9509429904588907 0.562267671657599
0.2725859594592933 0.7919533872020778 0.32326709464792125 0.6044184379853795 0.7133590189628757 0.36840704404999125 0.5078796861844087 0.8357409308072858 0.14076727177025417 0.09040948927767223
0.3299791405133481 0.8059735886909852 0.30201180071852995 0.9851973515354868 0.05120352604421552 0.7910481610712374 0.170731523729176 0.055103097298007886 0.8411926464239916 0.6835797453479956
0.2288026926974016 0.28472065016775217 0.8478777187109211 0.9539899023935816 0.8893184519800332 0.7473699980750302 0.37250841442647353 0.4284994383718074 0.04243369076010117 0.7911728212510513
0.15544727784382428 0.2742076484343213 0.17362626936411507 0.9899556202176693 0.11988555888180741 0.9313836713401018 0.7088712832867037 0.9034135125160028 0.7928772965937183 0.35137073045393696
0.6968236396117484 0.0014367142393233445 0.12074751955443475 0.622960922016153 0.6833031731031174 0.8730938147139577 0.6602989991174382 0.3549057954671241 0.6140627381190246 0.7005295932208424
0.909921692234566 0.12324069332847332 0.6830569813393786 0.8899956808137434 0.6732328430359532 0.6009402663307872 0.10638760813668613 0.8197851654395971 0.5964020149665089 0.1412681965182241
Radious = 
[0.9596492140900719, 1.298390051567926, 1.3973830151706808, 1.0411164723422515, 1.4968206507123734, 1.3333833840532965, 1.3220481929681152, 1.5252373181432144, 1.1732002913529522, 1.237578878951278] 
Solution = 
[0.7875939842353339, 0.20082607467719826, 0.9405274112283113, 0.3522653270316479, 0.10555133356560764, 0.5401868640200839, 0.549276327404461, 0.11492040143772109, 0.46417414571107274, 0.4858704770625658]