Dimension = 
10 
Points = 
0.6341684711317761 0.9906543780153814 0.6589426434775697 0.8716680601650877 0.6150227820343485 0.6580384181732444 0.45567209872026915 0.9593290534786247 0.9148230090308327 0.6224736721884514
0.40295122121202664 0.6739352258700764 0.35295775192591927 0.05596504137044567 0.37841847015788554 0.1120100633280321 0.6554021225563412 0.45161173614011196 0.720979687640748 0.7334705291178139
0.3052012353796615 0.4200909733357394 0.11007196414562936 0.7528261861952775 0.8413651930376314 0.6502387711927156 0.3516348798573462 0.13229943124286736 0.7132386534641662 0.8930902253726921
0.8659155845967116 0.40352590211080186 0.8952332636504683 0.5497762865401388 0.5239435893693394 0.5845342689559903 0.23248646460222422 0.9960888613430383 0.6298258153760965 0.4145564764022064
0.4503306223687158 0.6414230121323672 0.9489446304319766 0.4305303362224434 0.39409528462069143 0.0656938555969725 0.6622156795932164 0.14636976679315405 0.8508029415726985 0.33257352505723237
0.4104915955226709 0.34746744629467596 0.413197083157112 0.572051360746008 0.7125158560851761 0.5655025093168079 0.18778544518152263 0.5541953770416069 0.23171363406668277 0.007651770190576612
0.4402899223054384 0.15920985792500664 0.23657554186668606 0.2749486432356083 0.9971913639957951 0.20336285046760494 0.6016590588504237 0.8948223127063621 0.9585567645233269 0.41621030718477925
0.9769773737665133 0.051194878817762524 0.3885764488660006 0.6685581338543336 0.8730941702923389 0.743138877405938 0.4511448355530734 0.2422214220654132 0.9349499094673543 0.39674940081610977
0.728121605278066 0.9310161040585399 0.5435565333770577 0.9565432341320659 0.8123027675957691 0.3664751315948268 0.7229121292933559 0.7533747014585773 0.759045295730143 0.281505241901175
0.6108741203416345 0.9336270380594057 0.7580567698695121 0.5954461379969943 0.03148628651110963 0.2807767913393052 0.28190142192268397 0.762216917695333 0.42564369645645095 0.14382050874412722
Radious = 
[1.2600083158035869, 1.0570784196864997, 1.3969694457038204, 1.267600477356064, 1.2812977746320315, 1.1522288703947692, 1.3158661545168313, 1.6795936177242317, 1.2402697377632153, 1.0664819587357826] 
Solution = 
[0.05171253206386195, 0.5034063973771085, 0.4407307509975863, 0.6337435753411544, 0.16699482027132218, 0.3486682973552345, 0.8400238987871863, 0.9172900926102668, 0.24298195399716604, 0.5253755776994329]