Dimension = 
10 
Points = 
0.17776036502596826 0.03182542630563545 0.10284595580395162 0.49781423362859434 0.07261166301074917 0.7883975863558148 0.6485782856473358 0.4810580108268776 0.9012598612788046 0.7677927819803053
0.6133392507097725 0.4418301653786577 0.16629193135903608 0.18812343317054037 0.2165094391114064 0.29001466636269946 0.74266353680408 0.2003829915980423 0.3918765058480136 0.562933259963484
0.737076515014803 0.33299435826397117 0.23486032244637034 0.865166105172348 0.38126991652295095 0.08221063439534948 0.4687827940292607 0.525901731087258 0.9660675228906723 0.9454255378124569
0.33933519806986656 0.13102664710153367 0.1446434186415142 0.5505008018725361 0.09263136154402207 0.2259637680197658 0.9330417401411324 0.7723735037819164 0.8463973078355581 0.41867979435644764
0.12399380210112687 0.9741918860603032 0.24976609057569432 0.010021610015528704 0.6827194195940801 0.6810707391000979 0.09712435479037906 0.34154928167476517 0.18380911534120292 0.3127136810950555
0.7515730173174866 0.45654364509502354 0.47893826717778987 0.8196342119750122 0.5174091144452019 0.527910052276541 0.7371277832445173 0.7326615545594765 0.5534632854522649 0.8732137203249721
0.1773191840122582 0.6441634744775899 0.5718568653303918 0.9097462535769877 0.20042631854834037 0.13152864164251676 0.9843994023959698 0.5542701277742131 0.09801380808916904 0.9742588556432463
0.8331865037464453 0.6884425496103673 0.9206828904041238 0.3473892479573547 0.44802843758299016 0.2029684343754634 0.09425630280476105 0.11996337201970031 0.412653256369369 0.6901807610488562
0.7720073873286912 0.201959207704129 0.12444294426928482 0.9977675929032984 0.3276881459364579 0.5347485578576228 0.8174688336151361 0.8531555988937151 0.31302094054374463 0.5486848892469264
0.8724489140677955 0.40454181740581174 0.2738236931803544 0.5589002039985578 0.028465073415357978 0.02654008132465102 0.9774143805333669 0.7352610918006508 0.15719970513768144 0.7696344372828078
Radious = 
[1.238534924083046, 0.9423615491855093, 0.9460733702483402, 1.1952223323740028, 1.2127791751624104, 0.6761140157447082, 1.028432324534123, 0.9822032011638082, 1.0130546961255282, 1.0089969390137976] 
Solution = 
[0.6736901405739191, 0.9385977056013479, 0.4075572660698332, 0.64936827422355, 0.2476067947595879, 0.4862900107244329, 0.4462041194239571, 0.6356181485765051, 0.49731933215600166, 0.7597637234339926]