Dimension = 
10 
Points = 
0.5445289542955944 0.9674986679676038 0.9366399309132905 0.6896120359457953 0.3249412116092447 0.626500742574218 0.14475453087169543 0.9833071894465423 0.39493116115706184 0.21671295885498687
0.01679125073974619 0.5672190774221831 0.6144558814284228 0.7883244782369614 0.01093289920634033 0.7999446115699078 0.475738288731295 0.954832862451111 0.6605052378634518 0.5905941970321262
0.7604093964710129 0.04773697112000019 0.16755340210192582 0.2834488770099445 0.3697297311841651 0.7503155211025774 0.4827080911884909 0.4339028421280746 0.038561215374862234 0.6815024278369567
0.8676845465030163 0.008192255783121438 0.45223069254931725 0.006417568323069056 0.7926285054635241 0.4584285503579676 0.33332025381589814 0.8271197748982637 0.5239070744960336 0.13723339367777698
0.9797131278580153 0.7267971810242834 0.012418637103218555 0.23398369703289146 0.05528572312883839 0.31354264221120454 0.4466018391310518 0.7736764066460067 0.034116691308793134 0.22725045721629367
0.04636945104874601 0.6551686416528945 0.9318612332705485 0.45273538823423776 0.16010465613512037 0.08613437079262731 0.5914158598410664 0.45873146141061727 0.2690090347575519 0.5291431364873614
0.9186167836160933 0.44788042500175995 0.4883628834907284 0.929985715245176 0.6859930624176118 0.4710311463330249 0.3246567301848461 0.5785475843534316 0.7793887466801759 0.8317327073132997
0.2361277786210798 0.7769494981742088 0.6510302513761013 0.8636422529870875 0.18532725655333604 0.9666575049195907 0.7786694206831323 0.910806885064246 0.5866426348436594 0.20616774222710887
0.3694790566080799 0.6653325950254217 0.1743804363514414 0.35443220508923845 0.8103188494390656 0.5732670339333884 0.9326105013565159 0.900771773105465 0.21684467544482566 0.4283923684381772
0.24488588182974713 0.46373534665337934 0.022440161191595087 0.34860182061707645 0.46493984699909574 0.7856703672914216 0.691899280404592 0.6220474513139438 0.5036645650652606 0.5637900979477646
Radious = 
[1.2909543769221885, 1.2303993066295438, 1.395605169383431, 1.2534655550762157, 1.5031063811689886, 1.2943258156403203, 0.9461777197722996, 1.0278821732385395, 1.151475759423665, 1.1778794020569232] 
Solution = 
[0.7156712341373238, 0.3204962314888661, 0.6477624421418262, 0.9053779948984495, 0.553866795142826, 0.40302155455076005, 0.978332700347605, 0.64901252011004, 0.8184431788329445, 0.23510937178579105]