Dimension = 
10 
Points = 
0.5227563969419963 0.2756486081658699 0.6278450444912963 0.3448269268425673 0.46166903509741297 0.6844883671050246 0.8696951454284259 0.9921732288593682 0.7196269029673047 0.9764605435402742
0.36680597592656405 0.674377174349156 0.32198878664618236 0.09736246874913057 0.3512606019491692 0.17622496367390084 0.4290853873332455 0.13906898336247497 0.10028664847154412 0.3826636374569671
0.8223881905945798 0.3539264870426039 0.9928594906938715 0.32785430658538817 0.7650074607635169 0.291632696097858 0.4605712153370627 0.5519975341646478 0.7541645973757024 0.6720681215804143
0.10346709961190903 0.956119256657482 0.8727987913302209 0.3173181470669749 0.06872392466792998 0.6479510671329249 0.28386503267738195 0.06404406881148228 0.8304993724529075 0.36362472082490893
0.992686239680827 0.969383202581109 0.3463263853204225 0.5781221682875282 0.3869029223673036 0.03128727351238281 0.23129826663472253 0.1308747265439807 0.7282181102932066 0.9835220224423474
0.045349491201255754 0.5480594995763081 0.08908805331568892 0.3216894527578389 0.7455982936942187 0.7881380782657756 0.42737510423796754 0.5081878755128618 0.7526220957944701 0.8721111394976849
0.2935943221467382 0.029770328281545577 0.06573005801491605 0.7384670163816439 0.908488352913108 0.05394585506924565 0.5775381416173069 0.2544499265304109 0.05816305325038318 0.3312334328789668
0.9471480227753011 0.24937791339448612 0.6455513033624196 0.5990075554627372 0.0020877007583165463 0.6102828407717605 0.4445021334548265 0.870377683797549 0.04727449318264365 0.9501880646042382
0.5621213032467379 0.6149800959158076 0.5807371831913111 0.7488230215920578 0.9772237803581696 0.30954468914733124 0.25162882045342894 0.6066429220101134 0.07842125261903898 0.9223472281065895
0.9350681588098066 0.5821897183249743 0.9959276741863108 0.23496594756085287 0.013550714453475332 0.7690818945681449 0.09407180771517742 0.8261944176800701 0.6522528054373975 0.633335237334315
Radious = 
[1.142454219283661, 1.5127829629874852, 1.3778443440305632, 1.7726655069011574, 1.6333211923391966, 1.3495525829894002, 1.3933361251757146, 1.15771678155968, 1.5187339723418818, 1.3742083804754184] 
Solution = 
[0.9049894029340921, 0.04319789767571358, 0.021566397561033845, 0.6899769991998619, 0.29469694206295005, 0.7842877611589619, 0.5888015216916681, 0.8331114695181292, 0.6207943222279849, 0.29341258018196215]