Dimension = 
10 
Points = 
0.13415125027428898 0.7769930498532771 0.6053059448865984 0.7229997446024389 0.7319725858695695 0.44063382386618277 0.9332906428889142 0.881159997286537 0.8187746788742291 0.22409720600480265
0.33181740446508234 0.8343862355182002 0.09012336137506072 0.9134200607602594 0.7687262708207353 0.6885236424573932 0.17418120738886644 0.768182155215662 0.9891492213653224 0.7453426046759157
0.9465582187273316 0.4972865166027982 0.620560842013307 0.47194596401252675 0.8316419939999599 0.7840781343846888 0.33638963208651385 0.28839207566207314 0.05473243001608019 0.0035935899162310436
0.19317982853934734 0.005734747041757138 0.7333372888063948 0.21184199298742556 0.43601077353155915 0.6279095444255359 0.8557210687565578 0.9075195022555138 0.9443550405802305 0.8028529593996409
0.17163947388742662 0.45445132136963395 0.017825709756961183 0.18204616352401937 0.8333559598793027 0.8883457326208888 0.404546529168745 0.6071020112241254 0.35983102123455424 0.8237938970902308
0.41440824816688127 0.9394647005324352 0.4105822832991636 0.999674983908328 0.24288937445200487 0.3678888469933399 0.13140106629837323 0.7728235985971553 0.8636437341812087 0.19989855131937773
0.17317815299030204 0.6918672354217851 0.7090562893856965 0.13545050441091833 0.027504598241450018 0.895697124953392 0.5886871316965715 0.7272172631549039 0.11545532683999782 0.08896591628125483
0.6667583594470847 0.8598269164808117 0.5300525259648641 0.9921424193255051 0.2615779596716281 0.32528543672642574 0.6297211130155131 0.5776589773033148 0.6136584985603065 0.8595507066454107
0.0657283759387094 0.10651695865708333 0.4202229776836881 0.08463623859621183 0.8063947117552854 0.4599716189233207 0.8457041026602337 0.8618830882494342 0.6113117083822716 0.21340414008023645
0.7688960180239928 0.026655806659160675 0.5651253433845156 0.2508924384590989 0.11784993188847515 0.8552538545823548 0.17860541081129977 0.06035511186671538 0.3597231147364056 0.5032249111171666
Radious = 
[1.3025485139357087, 1.5027785242517873, 1.612088212422066, 1.184215178921622, 1.345809625077419, 1.6361584208421762, 1.7104468173818408, 1.3138646429329124, 1.2503633054461811, 1.618169554278157] 
Solution = 
[0.19414874798239568, 0.38772120120500886, 0.9708201226501317, 0.3358288820668768, 0.9690184884160203, 0.004211613987678553, 0.47384695160478596, 0.49538245149334037, 0.5393095037600232, 0.9812826250021878]