Dimension = 
10 
Points = 
0.5729090687280841 0.5688691900867447 0.8327868629255236 0.3015336017070338 0.8775821868872231 0.3309128273942865 0.24531832629659156 0.6501917100113703 0.9686338853824157 0.35392379050037304
0.7477422906944678 0.7591488586364337 0.20017421622089615 0.19824036572251513 0.9215240317604484 0.07459046845525052 0.25063982910141014 0.573718245550393 0.6748371411405009 0.37116606235295346
0.4772794860063614 0.7871185247523655 0.5459652764762802 0.5860632506623538 0.1353459322004763 0.29891626606199084 0.22055608380117742 0.3281904083626659 0.6653574653193501 0.9658162336237431
0.5631047498869818 0.20195232398621332 0.4573197511265865 0.13330195247196674 0.3656604939924719 0.6036369408984293 0.5487511570313336 0.2697106044519504 0.7014298724759116 0.4314540371666097
0.22416415876468987 0.45210814086576956 0.3558648665170906 0.8662381004252552 0.6324032064372079 0.49838108364970246 0.2729209165579033 0.023972235230886207 0.414942448294754 0.07930486559907513
0.74859711619889 0.11830248513482078 0.8756720322282774 0.8271143290370636 0.7946212208722486 0.008832994190928756 0.5692145402149298 0.3220800102240938 0.751041652254654 0.1443060605494172
0.4445068292722052 0.9884970844511721 0.7026717728384034 0.5518640431629952 0.35516354317316357 0.4774947459344391 0.5368008634257273 0.5384167355484474 0.5426466598792212 0.12864140366251609
0.03632332988721554 0.7708731273463783 0.2982423294493669 0.5465470235893337 0.3728624641485929 0.27076029157799486 0.14824900162650223 0.9080503751538054 0.8170156462444355 0.8168164863954812
0.6080702890967216 0.1824139701582781 0.6855722634769285 0.8355491697984153 0.251062589757725 0.7046391287123082 0.24673488359075468 0.49814918981907785 0.2907752635453871 0.20570775625930082
0.12980986851017506 0.09423553940725071 0.8299941592646903 0.5233521118131096 0.618754091154127 0.9517914836683325 0.5326377661468918 0.24745752322154402 0.24731152365344355 0.6405238984428678
Radious = 
[1.27993875666375, 1.5886889623929419, 1.2156884317228502, 0.8842148131250754, 1.26215815623538, 1.2895707114830033, 1.2558411517150228, 1.3752137442761403, 1.1108870138761973, 0.8712426249542744] 
Solution = 
[0.3739350837636879, 0.15777172730703892, 0.6043760352737064, 0.7239744833459638, 0.43900193693011813, 0.9138980459912, 0.9118005306240607, 0.39283900030622987, 0.8766201727330257, 0.7385063896864584]