Dimension = 
10 
Points = 
0.3308112110746235 0.5858540997867181 0.40644756435650253 0.7318579043037962 0.8486953439062005 0.32731351717712986 0.8467916715386014 0.29877881687134045 0.6789033610462627 0.04724274157999697
0.14844371006651635 0.6079250580657612 0.299319862157735 0.9961497212663053 0.43699165621112657 0.4987428307205033 0.2100820884330794 0.19654554957188008 0.3381491082464255 0.3969613279214804
0.17547176283901245 0.06851453466722579 0.9404873472599288 0.41521233912733024 0.4724121896621707 0.6783689774284469 0.34506479511226473 0.003655116121524138 0.5891355955750189 0.8417998201288661
0.46626993382143533 0.7526920691145221 0.009615498019225455 0.42450728725419584 0.7097998906144808 0.19117346466684337 0.2593076662078101 0.14164555724937833 0.467507207616932 0.7531794685349847
0.967360667313054 0.8257728251248742 0.5175577242955257 0.637044423041978 0.3551506055709469 0.14903758707019266 0.7709884986990301 0.1938601125905146 0.6849814442618996 0.9253849464836477
0.38405775404675446 0.1791382399376792 0.20898797846627704 0.45065753571619527 0.641705247172705 0.3609013289587616 0.6118939723945143 0.32108777385255427 0.14570028212410457 0.7785878889913004
0.1732887068551734 0.09950564152915009 0.8787078375049261 0.5118914759962585 0.538234068764644 0.16668950304548713 0.2922607310688681 0.029958164466171833 0.40728958104924473 0.012815810181889153
0.9841055692931958 0.329316046789773 0.17212081969303572 0.1890762036211684 0.8826036945776825 0.2571971010740477 0.5841807300127966 0.42863046484440537 0.36292460542775207 0.4174120413796626
0.14445119016928554 0.9489471580431421 0.05054726446157054 0.7841650555048058 0.6785277371496014 0.024168995125446457 0.8615013593083397 0.09058716117518795 0.6729732728167014 0.12315041961609452
0.6163401402113255 0.621297638268003 0.013614205969569637 0.7393420282885399 0.1862749726511439 0.6488212782429272 0.2848589450112158 0.9273388256017828 0.061277188283381245 0.7447008841924968
Radious = 
[1.635547028376551, 1.5612070219843113, 1.3873063652889246, 1.4560860148169392, 1.1989075717117823, 1.4048107904698997, 1.5109914545029246, 1.325298232863851, 1.9511906636471954, 1.3938386883596454] 
Solution = 
[0.9567679114763932, 0.29030192499992835, 0.9147010165372796, 0.4838306415148721, 0.32366824006869876, 0.08786227548077918, 0.09760659408265171, 0.9004079801761372, 0.7418172037615978, 0.8319832525461471]