Dimension = 
10 
Points = 
0.27011749436709365 0.7158699471289287 0.15711361242783461 0.9711871535851511 0.4716290117799087 0.1800433825998139 0.8759109420023522 0.5502505261430665 0.35948983031392123 0.045159219975948295
0.5748238587556179 0.3725535426247536 0.26172724197391073 0.15580062933445282 0.3697331090672731 0.36319441499889626 0.7454980332443368 0.125534387588364 0.7308347364802723 0.5091113458432686
0.11503413865369472 0.14467364543589745 0.4657615550533709 0.7290823995668169 0.5013791268396669 0.8855253663763909 0.05689288994817132 0.9988606777439123 0.7487891745268301 0.13003496918232815
0.8085905992671277 0.011292124944996429 0.1863208968027299 0.8814296462210011 0.5209663578811548 0.25147019122880265 0.9702042534119073 0.49548054755014515 0.2632037791443419 0.1591919293869819
0.1644397378944069 0.4906926762987711 0.06222983848279795 0.14041468968346538 0.3253010927973874 0.41595577908858883 0.8871474677295026 0.4536069350060077 0.35929588235302534 0.48154623377566586
0.6539526784508487 0.6643456856768241 0.8275567141942645 0.8289122043989879 0.13529905299591827 0.19766146224176206 0.7886566906727644 0.6188926687386593 0.5808198652140957 0.5515689109284522
0.6163245836215692 0.5035756297039926 0.593170281336517 0.04266483978529012 0.08934970997438918 0.6209291756738583 0.03234668254981321 0.9786141346330649 0.947695784640011 0.4589883632721071
0.5729331934605008 0.18998756897457048 0.43226285969903744 0.18234491881380888 0.5670729110508821 0.36670543622232254 0.0637892024967952 0.11770527660323804 0.3668317439726475 0.6678977372748709
0.6158347543371222 0.13888426278878196 0.09532232440797728 0.3576302823432683 0.7070157064943774 0.36505218897837344 0.7002484907955229 0.9676404149161697 0.6022466977848083 0.6531243850163316
0.022830298062913923 0.35138988058154774 0.6041765722041936 0.3168468569204482 0.12012740530281218 0.48649819318438337 0.3811355349612773 0.38343307807090266 0.55474760637387 0.7710491060488709
Radious = 
[1.6378136156307672, 1.0092505389119195, 1.900775565080407, 1.6522611979683124, 1.3384406711786416, 1.5157320417593123, 1.6733229100919884, 1.427895370292942, 1.414034804295003, 1.5034129417844053] 
Solution = 
[0.8516848018984345, 0.8434343499393709, 0.04217401348080563, 0.40274963606784375, 0.6568411931825191, 0.8844851804509792, 0.8326840566204642, 0.0025461585525469177, 0.9922400452604525, 0.9162761097516078]