Dimension = 
10 
Points = 
0.32783732873946736 0.5528678511973182 0.8853865685934417 0.37092020518688495 0.3197961779265037 0.7397810710171405 0.8082866394084877 0.11197214692623303 0.5519213645936293 0.4536435738662886
0.15722155429165885 0.34672484740501286 0.1402887712490477 0.7252975950818125 0.5756636684595491 0.16220114844246614 0.6384097244263589 0.3181530601428171 0.6673222054135873 0.8923521645176576
0.8374957811627832 0.5167069832680372 0.09485920822584193 0.4829369519657427 0.04745398115430288 0.6385898999045615 0.30493361418464504 0.4264765925702585 0.9001433070167334 0.10016528738813846
0.12387622420805944 0.6247908209514995 0.581863898684913 0.8420831256744713 0.3168594308470385 0.4271994089303458 0.3909463285398236 0.809123066805639 0.9832053308448058 0.9458070573836022
0.2774283394019914 0.6258874861327858 0.15190623119759172 0.45607835284665876 0.7290447247006842 0.7653281431816005 0.05603098810797491 0.8532770162063005 0.2568625626061143 0.16637606196568
0.5500887368235622 0.8126805614786408 0.15570915010876374 0.08564353777742773 0.3701600288885839 0.17827025172225708 0.6355406373115248 0.5308560312247392 0.8038223384018353 0.1672223432893869
0.8889397387374911 0.6345556739495342 0.6072051992402756 0.7093367444709684 0.34397188232427955 0.8837082249060413 0.5276890626533078 0.6505807799646512 0.06289210020122804 0.6460710978342589
0.3380569352428916 0.3039690469534191 0.07614623167505663 0.31599870355776316 0.5223036262629661 0.5069526677128656 0.5952480804292272 0.9267401874204638 0.6568655883524931 0.6664633413659751
0.052272194706626585 0.7384458580517081 0.116000605183602 0.19710967566595217 0.9572932934918095 0.4711341108342225 0.19572849193502984 0.04597671892423594 0.34055843440144196 0.7306905459965514
0.9774353463739353 0.3358314091715635 0.7238842058641445 0.5913504604014688 0.22840389951631646 0.9402336122637446 0.3398826196167588 0.977306769565831 0.8735898278829051 0.8358942779794768
Radious = 
[1.0988158735770766, 1.4191129453279974, 1.6752123286983789, 1.2059057009614378, 1.291607290726032, 1.6846751378693534, 0.9362060388265944, 1.4768717976670456, 1.3005409433972819, 1.4025715055167525] 
Solution = 
[0.21756225128660966, 0.8667324500497942, 0.9348958819142783, 0.658864441396347, 0.3515262894939256, 0.8098292325072889, 0.16396982279669836, 0.43680009833839917, 0.039534168362803435, 0.9250777131437182]