Dimension = 
10 
Points = 
0.5603338593048215 0.3075631889941761 0.24033162804799613 0.4135623437444538 0.5518388127055367 0.93058079722425 0.62035592359236 0.03238816172700243 0.40367047421725233 0.2813109587283402
0.5092089538303408 0.3328678826192134 0.17083037314371952 0.19912270942106314 0.16188298467375883 0.5817816027490437 0.1911886315599497 0.6724779821419333 0.8621636446123128 0.6821416691663461
0.802306910212443 0.6655141058653335 0.4577084012778939 0.18274127678682006 0.4737515216115341 0.9316022859280421 0.12965332779634886 0.95469451233841 0.9917387965871459 0.07171663344821921
0.052229013929502965 0.2620404248207857 0.974184571100791 0.8580806578106785 0.4675735235179218 0.8718471028499832 0.6035329695296495 0.40259161981155833 0.4851880891141338 0.10693057218588742
0.42581895808358794 0.48104086212237585 0.48880397744879767 0.5678038210903853 0.19226690518675238 0.7069448887297303 0.5356097662397037 0.3832086368498504 0.49244516904660585 0.6864619958943831
0.10039754116600097 0.13750551309060344 0.5103403439775934 0.3126302537563631 0.6068571365266592 0.634701512277228 0.6088955146530346 0.6473116669881885 0.05270574147466067 0.016174286867107646
0.4010465930960755 0.7662820272106533 0.07742005594269996 0.13500174315205105 0.10568481166718346 0.88810698909454 0.7181605347558451 0.9948119671674842 0.3505966096486569 0.8609398864821247
0.7868107564516669 0.07986770557204992 0.15279689566684085 0.44845473339196407 0.38545641247364293 0.8242586086465549 0.5260762283820569 0.7960766314638884 0.5824380320784825 0.9744291387148588
0.06572282839527799 0.7810603135917414 0.34256902801579037 0.5404952223466909 0.7212655729804434 0.7834580230536996 0.4211795210414764 0.09822851688069711 0.429404697109973 0.2769782579435264
0.5361309319046628 0.07964426314292916 0.1261610274714724 0.32052444060359153 0.9389283189192574 0.4536219384745166 0.03830788945737296 0.24391289607964406 0.023723042837649255 0.911472291557252
Radious = 
[1.2757506979844035, 1.2564148057769475, 1.226938791385813, 1.3129206332684025, 1.1154571308205072, 0.9941404424827324, 1.3267333599693787, 1.3875703782017839, 1.231116037192025, 1.5058309264336567] 
Solution = 
[0.5755320553590744, 0.6634720949721135, 0.6545104172329066, 0.23459609941765158, 0.6856938180450495, 0.13576023511404944, 0.729380006436927, 0.825035066217251, 0.4067315008268403, 0.1963221433391087]