Dimension = 
10 
Points = 
0.8748845223212209 0.5446247478401652 0.02567730374226318 0.3636617742427859 0.005526919330918867 0.14504410704690285 0.8351847732269322 0.2885185179069728 0.1538402782706051 0.6550869498375592
0.4614708246778164 0.6690159516336989 0.9234357370847495 0.7607594394676818 0.0020855052889269254 0.9980659819680067 0.5318826712737268 0.012530457564846609 0.5438408896998039 0.19789587970239086
0.9023039784251252 0.07897739478815247 0.4174979408908037 0.7758940457443292 0.8134065287614884 0.36710588889751716 0.7838228360084748 0.7132097942214564 0.5940413842186193 0.048427595918020816
0.231024447123381 0.31724977727931036 0.01870634319515707 0.7438625223606596 0.6238769759408945 0.5170095425111638 0.11819400288889736 0.9017890761327362 0.9650800019927258 0.5852350792219259
0.5454363200952251 0.957332512843429 0.43117788560276804 0.9984031221959575 0.10761829311791493 0.4420242942672723 0.5697358456801465 0.9230577421465258 0.1945375784532346 0.9646874910798734
0.1587377088794112 0.045882469610891374 0.4056438561968281 0.5972077161439285 0.22127256702031473 0.3630825690504961 0.8771352060799791 0.2579612549471405 0.5802357435842347 0.5393157017482616
0.43312034832530466 0.4187879187413718 0.8659822628401098 0.19810676493001955 0.4922861840809033 0.18244164470403068 0.713828029218259 0.6682272540083019 0.4856806693082215 0.4264699275160643
0.8830652891043841 0.41783514137818645 0.9378701952495062 0.6684398584696187 0.06037406129184253 0.31252405602290956 0.17877377109876602 0.30980907587205886 0.934378211099816 0.8120462539312562
0.5357168483324387 0.18112366256410495 0.8543992845531587 0.423695768655433 0.7225237068356287 0.4044341557929163 0.6224564335782103 0.5856752795822546 0.46874493259514216 0.10560867531416773
0.790497383765706 0.9305111765524471 0.21901433887103927 0.7817335885859671 0.39900782503994103 0.6713733489527318 0.691509075476299 0.2872657501418189 0.34659254229421654 0.05710405884872016
Radious = 
[1.15031694388343, 1.112874109601134, 1.2225063300258543, 1.3200487723442234, 1.5241216993752644, 0.9457473147241893, 0.9400150742605505, 1.1874662014247648, 0.9199349357326435, 1.0763249352345579] 
Solution = 
[0.5416468522766016, 0.41579324531193507, 0.47543679017267604, 0.21788383515401433, 0.642514156197267, 0.6351167159334115, 0.49437188314304037, 0.015461305459923858, 0.5081188132333295, 0.555595654327491]