Dimension = 
10 
Points = 
0.25454442595850213 0.8394145975887312 0.03714795693882966 0.7401302127462779 0.6510105153805361 0.7087622953339061 0.8233157566944729 0.9370800346763201 0.2752768126516528 0.2846988656339112
0.9381068869277949 0.31983829121120666 0.9352775482448749 0.8071239820795821 0.20400773008854522 0.6981702404930361 0.508836575729913 0.04990724745604935 0.431216679508287 0.14047728668255255
0.09324390643267799 0.27348722760167243 0.617261624525149 0.029568584534604203 0.9055156867519734 0.9898002150640941 0.6796021576969169 0.8817008142142815 0.36561198942790374 0.11305114306102182
0.7601593702335924 0.11802632275185332 0.6295525468241887 0.42555412362418665 0.6911195844761063 0.9769077403524733 0.27313581964028866 0.7512054160645908 0.05099756465079286 0.4590774997805921
0.36460572302060945 0.6573318428715753 0.572856766459975 0.605931579539909 0.8264596096741547 0.3767756209643509 0.6453035218278633 0.35421224467634527 0.1332425977829803 0.9411172451812548
0.6406791271867075 0.07223543181825565 0.3635799470072626 0.5967062330153926 0.8501694327184368 0.8438266919576634 0.5606389301546373 0.05754706009501942 0.5840559560053286 0.8996780853971988
0.7155090974236891 0.1329181520898005 0.6585137737768287 0.4409563723581893 0.29939781294857426 0.4032661494506359 0.45010532512698076 0.5117253210176633 0.4709916464835868 0.044103067550415265
0.7294236220678713 0.1022380477953333 0.20335832091090644 0.6763547293966762 0.7190164865807651 0.31288397859585837 0.5938199556562138 0.029530287183091475 0.5090687575341831 0.7077865420577724
0.41612595662818874 0.37660260361918785 0.3566153197754879 0.7722757315922943 0.7148393554488978 0.7978228468034835 0.574371982248241 0.9751637599076829 0.7022462580241322 0.13115858762568156
0.07182355943915575 0.7238219362624111 0.2725690160131724 0.21149508511156778 0.7517485536863225 0.9187418119601902 0.9646475640063661 0.8547828026736308 0.82263172598767 0.4295881343911565
Radious = 
[0.9743389781663587, 1.3899538024309837, 1.4849488412097172, 1.3924524791876776, 1.3731852193775735, 1.5639708128718939, 1.17612720284993, 1.5100976910685595, 0.8215554436933629, 1.19109816376756] 
Solution = 
[0.41549487160710685, 0.9124389501274781, 0.3874342756290333, 0.8484924977182579, 0.2703457816639693, 0.6258730834639504, 0.2508477496154603, 0.9140635598556652, 0.8259279201097979, 0.3050377978378893]