Dimension = 
10 
Points = 
0.3039264454728562 0.19265146147096934 0.8381169420844283 0.25645442457228074 0.016921282766237722 0.9688650306705661 0.8844383766446429 0.3865838170205341 0.6298390974589737 0.4868751536147866
0.054223702739494506 0.780918247051933 0.5089857617633562 0.3061615763044676 0.9388628942390478 0.6133131558281413 0.05222157964632024 0.6368432098730589 0.41510217638665803 0.3281361565239853
0.4062357684813047 0.686517233136961 0.6766187418139812 0.6551759121480064 0.6423430121353368 0.6228417641627494 0.32284516031497956 0.365415511879546 0.9321045660900633 0.8778931262368406
0.006146915566305977 0.598896754767542 0.7551990928953337 0.0317445835578285 0.011103214643937931 0.3669485190984475 0.37331276229024735 0.4279547571155652 0.5366295885463167 0.7455417396799066
0.7060994910058196 0.9458118308267786 0.5116667680982282 0.16814791279134 0.6144847180902107 0.8812837137718738 0.537461588771722 0.24008991559211845 0.19547296674964065 0.36501807791358476
0.0464338317708316 0.6557445254340248 0.04166879448674132 0.02822734569593155 0.728488950757267 0.9509560797806059 0.2606517512802792 0.31764185675319645 0.5161236326650699 0.10895025453086982
0.7453227553255131 0.22078373232002269 0.9594371387743506 0.4906699150012773 0.30528005067334707 0.24192865941046782 0.5718183985087703 0.3917757383699316 0.8844487933953374 0.8952752644445308
0.5807344171895167 0.5317154759717371 0.793192244690717 0.9253884385829887 0.135224864100159 0.8546944981640586 0.8719083524150903 0.46418273586119696 0.3585713630635482 0.11302352610410227
0.1916818334155984 0.722175107274849 0.601538437898013 0.004579725963262393 0.8580227916863258 0.8318554233871562 0.8757920029662908 0.2510406636907181 0.38434355313537627 0.6495276012499479
0.3343053546600081 0.9330207896355998 0.5469712958867716 0.8858691789712919 0.010181904864756341 0.6045289669289858 0.13519259839626052 0.05344249586453331 0.9053616612619442 0.7448897433350382
Radious = 
[1.6696775028302124, 1.2614063547275132, 1.2867427827959934, 1.471145901954343, 1.4586003985522498, 1.830919238863479, 1.1537891861641096, 1.4810737030794474, 1.606844615558038, 1.706682245295019] 
Solution = 
[0.7438901581865046, 0.2860599324750863, 0.9878787945359772, 0.6595762554472715, 0.7802442267152186, 0.08704315759546943, 0.12739769162627135, 0.8087724663327177, 0.10913566271357256, 0.6204276735839163]