Dimension = 
10 
Points = 
0.0889984258901414 0.06638990532622613 0.09353202173131192 0.03559824979818127 0.09393137022125342 0.5357287279999441 0.016694155933609567 0.6430526954461887 0.3104591809196794 0.06388761687647582
0.3364745866396742 0.8401796779038304 0.4765845991120823 0.12985329687170233 0.8115404340893564 0.5120005534483799 0.5029201575050533 0.5009439301319173 0.23701252450220467 0.8535019032361303
0.6602030742557221 0.46147721693877997 0.12086607043808895 0.53058312843569 0.7952442701249917 0.21700075188204837 0.46699053202268226 0.7228326301056957 0.5795025253932325 0.9904419050897808
0.4444190079221022 0.9534701060524523 0.2861348005141303 0.3459351562016274 0.2937819359494074 0.8433169775838631 0.39463571040088496 0.7733098374650629 0.7311301064698406 0.7992517890110015
0.7888877387577815 0.16518940495794476 0.8409945697419253 0.6143690126584793 0.4711593847402934 0.33792569141303386 0.7284772631014296 0.7585591554585727 0.6897905442400695 0.11745679354498573
0.42752697279551066 0.5222208168010081 0.3774299248038112 0.9401277367253761 0.6669604867174657 0.5246874413284842 0.9531208423433419 0.9187954114382187 0.4648879306278133 0.7631755704794295
0.37984152654686254 0.6430079364321504 0.5789615334162644 0.2862539684869142 0.6818051088505801 0.13213763908184684 0.16192436567703972 0.1627389139632598 0.45523546630950185 0.6253291445565937
0.2685541567967067 0.6977073007628034 0.8345610895778436 0.06150172796339959 0.3968396028279677 0.7289985268627017 0.29180732005163745 0.6926701411734107 0.9782956472286649 0.12801891711804747
0.2341158232845597 0.1928045980890919 0.3928699376156106 0.041721955136776234 0.48487525142578747 0.783520660022456 0.05620661404258098 0.8762000123181138 0.4608469137010398 0.49764516430738437
0.9006703151976078 0.14333697888035013 0.6791389731577617 0.7164463156572727 0.706565917171259 0.7743406020066519 0.3582750896451058 0.8518462397801964 0.4883955354526074 0.12578151953294503
Radious = 
[1.8867442071256568, 1.4316995825695094, 1.3188557215789602, 1.5120756987372994, 0.9246837135543079, 1.2376566553056174, 1.3122035552073237, 1.4314685748306695, 1.5951588370759247, 1.1507626797542538] 
Solution = 
[0.8188297301488231, 0.10606404889005616, 0.836146782252001, 0.6325064933494642, 0.6982641958240489, 0.6228746558980544, 0.9435296222581627, 0.10449058937769151, 0.8977094611813293, 0.5649377209263986]