Dimension = 
10 
Points = 
0.44310749952784867 0.2572848270201319 0.6068813336732054 0.24247156797448788 0.055372388641053205 0.6218565117728438 0.9088618126330724 0.7363908145053711 0.7825738829750186 0.37015057411367247
0.8631380504446042 0.4255043005608389 0.5799993670950276 0.9490254373083051 0.46033909526374106 0.5371732833065728 0.8930481569303114 0.707776476913087 0.5035170705978236 0.42082966404683
0.5853236917329381 0.2981328583275298 0.24978723053337293 0.3674797037408567 0.012025684002348935 0.7810826143232243 0.0020154341478152427 0.10788592222833038 0.5734835462391399 0.2837072629382096
0.2935913698532163 0.32272512569774703 0.3167686438838131 0.032416485287288466 0.023958622446446864 0.44581266723169555 0.1925623542884486 0.835467276730791 0.45517452573396 0.7959154496142841
0.07239800953178177 0.6426301736776415 0.5034726797043895 0.7806126808848928 0.10780772632257873 0.4802595947939242 0.6433061399202921 0.9257817426623178 0.522197068874237 0.43012606905160666
0.8000969180382825 0.22742819198859954 0.7513556428764658 0.05726680973463727 0.5258277786238246 0.8210458144741276 0.8685019324048661 0.04002439650291767 0.38799555633974137 0.5661104766651245
0.7717235692551737 0.45785020137019705 0.46383796789141185 0.7440942812315755 0.17009122530811982 0.469691618371205 0.06858621267540044 0.4567306871250775 0.892668771546795 0.3780775518257389
0.8743725131293753 0.9935408925804899 0.2921967501842645 0.27161706088349324 0.26095772292869013 0.5648095161158548 0.9012829671993663 0.22621801922670182 0.6488865551288673 0.5189632835531492
0.14794855409738694 0.2682964866628713 0.05616842324468374 0.36352834718460336 0.7117311291749151 0.4478077193093075 0.7339420984542988 0.3974960638500983 0.3254707140448426 0.13901951500219978
0.39818537240581564 0.7423522861263084 0.8554772067857771 0.6431616556617974 0.30060768214797184 0.8592345990235475 0.8118761530903906 0.09833935044718067 0.12193829374514831 0.9234726450901464
Radious = 
[1.089994619648196, 0.8969977168991993, 1.3183147847300987, 0.9817345823154595, 0.9982428643884608, 1.3807141964685974, 1.1920267369943534, 1.4061768743377567, 1.2678540856665763, 1.2873748928249682] 
Solution = 
[0.6576112373473526, 0.11822866215161243, 0.2660675679359301, 0.7344572914681322, 0.17944739594396508, 0.597379376292976, 0.5834399490341784, 0.9357149880386757, 0.16978756236774117, 0.847021099008129]