Dimension = 
10 
Points = 
0.5888269339725984 0.14040569631313238 0.1914565759414094 0.6226393970191885 0.45151140697554215 0.8061764949995058 0.4342397765549345 0.0842581162648649 0.12290833009347013 0.49420871021229107
0.9695256761056927 0.965223272609751 0.4846847255047624 0.6000424155205053 0.47497893448405537 0.3988944292345329 0.35903924261586495 0.542232565575703 0.9297806914080662 0.5380358816421691
0.8916970896797053 0.32153152018072495 0.8674824866097034 0.23814943032715497 0.8669272793224285 0.8861561766215416 0.7958650586565508 0.035347524810092956 0.939894089042106 0.7522838567487559
0.04239467766064542 0.14939646642065185 0.8098937249198521 0.5747275512953162 0.6108411371380087 0.054677012899046695 0.8429012489741521 0.4619397549915626 0.3960532734067621 0.7745129096020706
0.09750471115849135 0.014473349459861451 0.2078167055996153 0.9892808281631877 0.367111058693807 0.8477412936183104 0.27411441188008634 0.8930045705425846 0.9116742991747806 0.3175645717958172
0.4736476283419072 0.7802158361582431 0.13404285692263163 0.249194045437231 0.031184648900408507 0.5159326458707143 0.07308232601671427 0.7428642290356429 0.14435292882765616 0.196780007670042
0.03936699374787256 0.31627937048374066 0.5905477887999707 0.4270412626298483 0.9989074980091054 0.5783616330627737 0.6683625506230649 0.906566098809346 0.9134976881576952 0.7238123318476029
0.09404008759745197 0.2487962444997609 0.6868969330221781 0.26123303540906306 0.31229023734181427 0.5283968264944666 0.2098208250979885 0.8935003530272216 0.25147160972270444 0.03100588081110056
0.03877780595883529 0.21746274556469358 0.9002865076260516 0.8247989254899676 0.9797401240789102 0.7391345448330942 0.16306376185223592 0.9444293357855411 0.5816665699883006 0.21186147150245083
0.7904216411028837 0.6540383337915118 0.607292976379172 0.8242006764111602 0.9045086203081183 0.13827791962488856 0.592750938846696 0.22289641685634054 0.04322397933315569 0.9617946326345765
Radious = 
[1.4376827005045316, 0.9168082350625205, 1.5561268671917916, 1.4958787190304308, 1.2963736178865508, 1.1639049075830286, 1.0123818464711538, 1.2841061090911807, 1.1950956675413749, 1.4378228422517823] 
Solution = 
[0.33355895128686475, 0.9193866520835716, 0.21734923579337095, 0.4338220075773229, 0.8972524780526915, 0.4951087409745072, 0.08748111530459934, 0.778014803122664, 0.8023517043859573, 0.49634877598784355]