Dimension = 
25 
Points = 
0.1257806158183129 0.32705153637488993 0.20550396468697107 0.6245165130479075 0.5271286764984396 0.5868673073007001 0.4224542588105671 0.6160601209064258 0.2276662938170544 0.43594796186061036 0.08955805063832689 0.8584336468337831 0.4159928170528375 0.6674143735931088 0.8450652505794672 0.20170053869878624 0.7075020774356068 0.6907242420463505 0.13354003842264572 0.42691295392368833 0.7107285372333241 0.8045750007854087 0.6581496584115252 0.45869685813258787 0.7991837123975776
0.006928244327843558 0.652833704228879 0.4291776650201712 0.5362786892266191 0.6351754851989063 0.49460645651756774 0.7437830439253136 0.5443212719587428 0.505699318475944 0.0015167903859611975 0.20469565277869994 0.28168999718312093 0.7798488214102391 0.29356156988670323 0.0006248276165233824 0.5532271636852963 0.8081778990717728 0.035263796390203606 0.4763181105325419 0.8608529060254476 0.5872296967356578 0.48069935350211956 0.082934015048718 0.0723229527436271 0.19154881794400713
0.45900792588931927 0.9349090673974549 0.02826702922087121 0.08273184207365591 0.7171811258925924 0.17143568360775285 0.1403109069993902 0.332572127091761 0.9777972771844919 0.4092305218672878 0.7224627783584956 0.32106453575039495 0.2973386868324609 0.40071115625700726 0.6952524070857361 0.7849405891112803 0.5503837850504255 0.955955935272909 0.2512907162651443 0.6000626983537395 0.9085863295307416 0.4477013352422611 0.27867163287525 0.4404858568825203 0.8642859185819648
0.35591364538351544 0.2360571637366916 0.15854472134819197 0.393471031060902 0.9058163221402651 0.2001434927306296 0.08007217159249136 0.6351421716109275 0.41180105084341323 0.03578207136635092 0.5865905863177434 0.7854750254653037 0.5091364362697687 0.9952972825362764 0.536379830271999 0.16922746489344098 0.6492564378308943 0.5796972816508208 0.16805090899247743 0.34953139956479207 0.27141023249017093 0.6387624762677181 0.9609424355708017 0.10098148029387344 0.855978250430785
0.7476907992859979 0.6765197809255915 0.7405474888711493 0.31088459988499706 0.9625876251831622 0.8373103256320196 0.2981716428699648 0.8189378734227691 0.713332963349862 0.8243010664089347 0.09118109389745188 0.5545738030255395 0.01865438378076112 0.1579554196685139 0.46431559320314797 0.8455321001758931 0.8817927224983688 0.311402442371703 0.6184259529380259 0.5755576573936751 0.12731447271430518 0.677876817102159 0.9163049761227842 0.29043972247113947 0.5800391467190651
0.7042184449011318 0.4431758599042326 0.38533813560808083 0.1586964623967133 0.015513328393689796 0.11063359691909036 0.6699491784966974 0.529442453461198 0.928076149399197 0.40377421188939155 0.5463066210866997 0.3776427240997897 0.6969200057979458 0.009424502942953272 0.24108312886611905 0.5111905158012962 0.7262812099497057 0.6497345074721766 0.007426249514071448 0.7131336883466101 0.4113124709144085 0.7219657910591192 0.5357528063240933 0.04008749737524486 0.6984958356998743
0.3438742647956904 0.8006921117643159 0.004871479333111828 0.38260655343344807 0.5481577317419717 0.7563436153804254 0.49489695106747356 0.8735040014825171 0.3546093954043964 0.6905085453817905 0.9463495156387847 0.03281601939806589 0.921299668021145 0.19982208280158797 0.8626806266146402 0.9224285676252466 0.1261637509380853 0.49186913106993024 0.3358845644114089 0.3452662194495022 0.7681828966163033 0.6006583062108943 0.4182562768739243 0.9099616952864846 0.6530526671821685
0.833145729586023 0.13810752235171897 0.4140098584150115 0.34245543193911976 0.46760259718556363 0.4216166580585843 0.6222104842572853 0.8317424755095516 0.5235908074069872 0.7612349949944978 0.8063843187536582 0.4258247071526873 0.6149814556169148 0.8490606768549559 0.29581172575980397 0.7935456218412611 0.003712301934960971 0.3916623582991341 0.8443394273129976 0.4353838793177396 0.7332601419307802 0.15467660208863365 0.33305988543303666 0.0309181869892019 0.7452140061115405
0.2634057630159984 0.18990768768991495 0.3633805882310225 0.34005595595772575 0.5765937883851315 0.8147278235263484 0.7048502422825962 0.9687239156694546 0.4469834393140796 0.5597982887134016 0.8456461160629836 0.832711580432887 0.2059630879876586 0.12834784440637947 0.7207840921115496 0.2731220378605088 0.5585567506577456 0.072490225207409 0.1048262956879028 0.1409516616024581 0.5291600765247578 0.5015290307111733 0.8799044481071459 0.4671175835260606 0.5246274935404494
0.9395084197964512 0.907251336342279 0.295062455315125 0.14932930132452837 0.3567905876462165 0.9079324643864584 0.6677132130977943 0.9211894863317309 0.13595338232898135 0.7554451709535183 0.8486840713729195 0.28562956154334784 0.30822675384126885 0.5459278010851388 0.389260725137363 0.803698804295633 0.03635195630683263 0.38604659656236795 0.6620109018303947 0.59821129933579 0.3446888751341506 0.5769159882744177 0.05179608297776239 0.5235469719062024 0.4490789123698893
0.22228049762991542 0.32982991093225333 0.4465398636505171 0.7558474323780611 0.26127399910608007 0.8252862960281159 0.017466563401431046 0.7166161419371667 0.5036677090518593 0.11069933969962864 0.6699771504005926 0.6551580029152327 0.6230256391071058 0.6864602949741652 0.05940333381745577 0.054001779477118594 0.04503050407439546 0.45069294677852767 0.6585042390644963 0.3479402885340088 0.17853732632756603 0.10131119106967079 0.6332283026855916 0.3815712282021899 0.7928861660964336
0.5442846890808473 0.948232134019928 0.6437695882830552 0.9718149157442593 0.6802189461623332 0.5041566129861239 0.3204837188226197 0.8786387836088021 0.6889170625253668 0.7968735821255751 0.10179723952698139 0.12485184710291986 0.8796195233694429 0.02648864404385165 0.4656283519733274 0.4589197883922361 0.662883719295593 0.41561501150253344 0.037940100333731075 0.5770800227070705 0.22406827342001978 0.8541393678869369 0.4388290591120284 0.3787414899890619 0.9983502613950356
0.338096266982163 0.11225826313035403 0.8097870274932004 0.07249730678595379 0.13419117394687308 0.5850327709293782 0.7401412900078308 0.8209145135360926 0.7174524915000796 0.9182141421165634 0.018107095339333412 0.2885049452398114 0.2913407329497196 0.5954787740504727 0.7677400441525966 0.3352463075905595 0.39696069027657244 0.2241132586992992 0.41864866238543963 0.5704119069901827 0.1625151933094805 0.7639220663210254 0.021094828522442488 0.7416976645791965 0.4254869867099975
0.0016748765219718464 0.33892052473860046 0.2646725351878212 0.5259425981991235 0.8879921806170233 0.17312119779862867 0.9740269838419043 0.26503444397001064 0.5253615100214245 0.7253283060697255 0.887797069651596 0.4586580877714118 0.0517158632974315 0.8440857289441367 0.3895171136456823 0.530217396441429 0.44512153153720524 0.12738226398838792 0.6905581917681104 0.13761739756180646 0.22795097399488629 0.5064554073279353 0.11977895145261686 0.9052011201558299 0.2913436587392296
0.3826478294589305 0.027943474254983558 0.06766322071772479 0.9872340394787102 0.5778240473550584 0.845006128908215 0.043482457618531534 0.40688951922857264 0.0645271971674134 0.6948235924301418 0.843259220728456 0.8084890243510783 0.6168153922537297 0.7466935993646926 0.180801885002419 0.05629616797004522 0.3633465568251185 0.42230617487470623 0.5241321619120145 0.0343577753513542 0.956786238143003 0.6368295126776309 0.8500254916218587 0.5320141482394487 0.9865097859531706
0.8339693824683724 0.2778288503284241 0.5782433692479044 0.35298785473171757 0.6632314627271917 0.5934700653772418 0.04153258873252108 0.8311463397381361 0.4472076887910964 0.6620388860366663 0.8639489121215475 0.07961923570225349 0.5101324876846548 0.09880457045333357 0.9597643938669431 0.0895102726984226 0.6242329275812352 0.7518426633489658 0.9354285873362895 0.5614662428382065 0.81015381949499 0.7474168868649872 0.7067653144391071 0.3727299082352088 0.11136996163076396
0.47859367207354175 0.04521261468591298 0.9807289008859126 0.0024756503955458697 0.5731075640048431 0.48754316060292335 0.590212780113349 0.9353816090868482 0.34155558958269017 0.963414256981777 0.6898037855173599 0.7083457194579867 0.9647121628822334 0.3458929406516912 0.46726172774106056 0.9164006430812102 0.2636525726454707 0.11695118194819287 0.2826976334529755 0.8148035057087077 0.8042886699035146 0.6054762586205442 0.2034321161424597 0.8767679060688304 0.6564952354157432
0.07493566491892534 0.44500228599029645 0.8358658425137444 0.0912447941309188 0.6097822292602346 0.4574472218513581 0.08665620644141414 0.39753796399382335 0.7114810482517895 0.7835961189495326 0.23661479652129525 0.967902063558833 0.6814821011669774 0.39051505542441334 0.20428309340048656 0.7003337734511983 0.5339275437300011 0.9358622455624777 0.4416562821053194 0.036896165234178935 0.6686856522133928 0.506983200666461 0.30415877404693537 0.003926639069549487 0.7187930867219605
0.8662585684815239 0.13457830688510475 0.2243107923194192 0.9981641895725091 0.8864666513870755 0.9993424681533754 0.21270402675540157 0.24684414950418476 0.5887273678203957 0.2380992742117407 0.8595967187405918 0.1277751704861958 0.7387806150576588 0.9178205245418187 0.15190558489171868 0.07598875648673276 0.027337898885268386 0.6647122312585187 0.6554675254326885 0.20897987939936125 0.30303505711446155 0.7364873971908683 0.8566835197976729 0.8692364311380787 0.26399177344146685
0.07495121459894227 0.07396756323769726 0.5650551265216729 0.24222269153651 0.8465603408783727 0.8050320239676977 0.8486639268931239 0.4325106457174459 0.1314745147382551 0.057518834316832135 0.33150707836673365 0.6819542985037689 0.8171195822044051 0.8495682020657013 0.07385233184434115 0.03089947113974345 0.22172880787432137 0.4403959291082341 0.9862994873061263 0.6152803237270348 0.5268342642100683 0.8979673482735387 0.29360807120189647 0.7114431759403917 0.02314775913354339
0.9385632903488714 0.36042843846174344 0.44767511228671675 0.9238413990615207 0.774263367251828 0.4417335191531312 0.49629129525564486 0.4188269413897636 0.62069916553564 0.14195686846023303 0.16182755444592112 0.5108557562011298 0.8963785422810494 0.4173795104621718 0.23833147052709136 0.8515280911810823 0.3076702552774667 0.2072134935326715 0.09497171437986385 0.19225052130665488 0.7425748922701104 0.6365768725920556 0.42888791468894216 0.21438303914454504 0.3782773628076862
0.8062781315410129 0.8245676098463869 0.2786360190523802 0.9940674107482215 0.7829964151876125 0.7033616913913754 0.9903801021748542 0.4229316310568647 0.9745878455658624 0.31930557999495734 0.5890321637321494 0.9962132914855433 0.30732088215850406 0.23742429220946837 0.749946574343316 0.3955027180904126 0.8222491045680043 0.9597280283180207 0.6484599005455685 0.7613899930614323 0.7833442032968172 0.9336120178353065 0.3500663752648643 0.7179610070034455 0.9600804773013637
0.3412040872631731 0.33577633980075183 0.03391850817966491 0.5333919283573184 0.11914822703539063 0.1640532273578308 0.42159822886176346 0.8125843692397086 0.3151796746088653 0.1101278743798133 0.101228609944232 0.40466714856335506 0.6064077541041064 0.46601224034299726 0.9613702514415954 0.11809153270516737 0.8010602819193124 0.930017374354029 0.875402990172928 0.2829934131007744 0.946032255305317 0.8269827063215837 0.942875923709265 0.5059761151672895 0.6802024570372148
0.32838768780731753 0.16975150851106324 0.6420577717322206 0.1996231250540993 0.5323779868684355 0.37613047015596246 0.8412490610974638 0.4905491149898944 0.7096693699069252 0.8468601249009023 0.761423485229772 0.5621094325069871 0.8196188756414867 0.11394993925260588 0.2528450469150185 0.8785338464428873 0.9483242126811503 0.801787811326011 0.008167073349381937 0.5047719982125393 0.6731467215664504 0.11193923213153811 0.9465206226609223 0.13772783714490267 0.6353191636372881
0.9582294834641547 8.603499769477274e-5 0.8220806060245096 0.2949473921955982 0.9675569365767285 0.9867005644689817 0.9372087894952159 0.08281469681930886 0.7299850487373313 0.4821582114112002 0.5045998176799652 0.32064481328299654 0.07739164988199643 0.3374667928771983 0.6916779929367973 0.4614613997772212 0.3287646883865578 0.06588788540228951 0.3852028979904468 0.95448935942617 0.8241642568478059 0.2787798646142008 0.4141568585140174 0.34865125596464364 0.10859101689607509
Radious = 
[1.6104638754820106, 2.2348776296537736, 1.9051656628039444, 2.3013079305558928, 2.504473304061849, 2.309159471386266, 1.7417842375551584, 1.9253898082335892, 1.889552415931878, 1.895106178437896, 2.0322887359970006, 2.2365001735211667, 2.065657398236385, 1.7620266323437004, 1.9118734873000813, 2.3024284767529646, 2.378248021206109, 2.135210430295121, 2.3866518181560195, 2.3458140081488392, 2.1486544323322714, 1.9520713785917982, 1.9645428586360087, 2.322800876557443, 2.3453147031371184] 
Solution = 
[0.094881757745923, 0.841264354008828, 7.426708306701446e-5, 0.8892594772722848, 0.2120094920980612, 0.6234798395048593, 0.9098968468161933, 0.391500055636139, 0.3104108832695238, 0.7917733427259669, 0.5144602957604002, 0.5388626505931984, 0.15699948675093778, 0.6154584741195865, 0.894110001504811, 0.27897829232166627, 0.14344965933744092, 0.6254514063367393, 0.4590184944648906, 0.060703639735439574, 0.9918230720388739, 0.220275365216414, 0.07883536745159503, 0.5642029686826688, 0.7411492330267692]