Dimension = 
25 
Points = 
0.6229061959307552 0.3595976499991729 0.5392551699651915 0.9992546634266338 0.6841344629775081 0.25515570920893704 0.8287263992832077 0.931535886031783 0.6171393879210165 0.5355542443411926 0.5664628504192601 0.2517589946895301 0.6453035592690622 0.7228208951370284 0.21774723761313197 0.944233437848019 0.24048880172806875 0.7887777507868731 0.4032074833243203 0.6418151640182659 0.05231923925719306 0.7395122248330587 0.8840148664639268 0.9004263943109645 0.056561361581982106
0.852385658224156 0.09907092615351887 0.9747824245550203 0.49963753212142614 0.24130237819356015 0.6935102009149345 0.3759391819861432 0.22818939355562273 0.3941802664908717 0.8210324726757121 0.6521483441301149 0.45638286965234987 0.2883329022082889 0.13199891743368908 0.18924601376270878 0.8384742062206056 0.27895102562135055 0.5838726353863314 0.9032892984644234 0.5620362404870339 0.21219777574786103 0.6997879187204418 0.8654935375619394 0.2079455062281148 0.7472869797311904
0.8622239471919259 0.9271880718326683 0.49672002851127095 0.31719565949206163 0.1179937164914524 0.6117607613379009 0.4037273774065956 0.2417189001076493 0.5459970694161652 0.2614566041136932 0.6606502925932006 0.6152387356149615 0.5223949392776905 0.3908679256272021 0.893466472493543 0.18203446930151423 0.062005346117647075 0.44900604018471324 0.8709363344861439 0.8192289584532657 0.6508254212484238 0.3951251641911181 0.08868761086635757 0.22546057192619817 0.4908217714188434
0.40057419530534477 0.08308467867145886 0.4061700422579604 0.09363864677789069 0.7038171406763826 0.01951265277024561 0.6048638855337125 0.9791108820817611 0.9360139085294603 0.719516393641734 0.4261419918726014 0.734880616834161 0.5174031423690402 0.2564776532253268 0.38090590524106693 0.1263929235323782 0.049337298443575595 0.5731482845019522 0.40716065097540066 0.12499505470909167 0.10905985100933135 0.3165451606305676 0.15783672623963552 0.4190946333737784 0.15341250774258197
0.8228288521848832 0.7064185728174797 0.9743960646559459 0.22101719463634606 0.009076769331790802 0.4499947501648919 0.8193980636061261 0.8127251649534835 0.3136703693973887 0.977707045009957 0.983930469186358 0.2817654201781328 0.477990723435574 0.05968153483167893 0.17144794673689845 0.46411992701712557 0.18760209555814833 0.10787651051847513 0.92752779118522 0.08814950735403881 0.8858044669313796 0.8302298073843642 0.6735084446449859 0.7556631725868361 0.2947085300639408
0.9868673331279663 0.28993969191102786 0.3860403229136242 0.003674869712310791 0.3011282624254986 0.10458254941649525 0.0567422199996791 0.37886017747585954 0.7025431899051312 0.9558462351513147 0.2459006912332934 0.5719998123546959 0.6159156815090798 0.13730613153773363 0.06777058592805296 0.15887065207943818 0.44731327217384953 0.23795869146539783 0.38458641551158124 0.8269483959811603 0.5606984646843834 0.0386216450798792 0.2276743018000893 0.01651758182866958 0.09112836902240751
0.850395662479536 0.4779435782408352 0.16691351388314768 0.9217559890514386 0.7160448739774564 0.4510159649608009 0.05540550642737663 0.7583784517797945 0.8015737620410813 0.843426861959067 0.1706490183138798 0.5143310812051565 0.03431459400108916 0.466985243399355 0.5306014691543796 0.7939278217696673 0.8261341700338942 0.20827312468726977 0.2038880458449024 0.4775922935523479 0.6809512427798041 0.30374621661414636 0.3163959811517787 0.9602791367809665 0.012598731624985704
0.7432202776808058 0.08408303177934373 0.15975717055873562 0.708742913409663 0.1413393199454378 0.5076751578565142 0.4270581729222648 0.6702465233055763 0.7449532994065194 0.2876600353490112 0.2913415264831478 0.8867271380215319 0.7530226248012072 0.7309173070388124 0.6923170079845902 0.7731730670045616 0.3200738052899753 0.5709971159611007 0.4915252046577582 0.6479152101866409 0.8703706661527634 0.41887059582322017 0.7526071053617938 0.7138574218460648 0.4484911894479078
0.7793144282706108 0.13911174029302342 0.4352857561169372 0.3568515462166417 0.8423516187858696 0.13805052786060734 0.4608570530183451 0.5278260043719549 0.737585686704901 0.4307280606868993 0.9925155996709809 0.2826482109049505 0.8262914713029076 0.47467563842807237 0.380362656902948 0.7532194703470126 0.9455994478473245 0.013941745252964877 0.6287661339744981 0.11779895005677754 0.645535479961812 0.2630342339464443 0.10254833211522751 0.2824453316190062 0.5810867176683853
0.6275933385405688 0.8631731655325985 0.5636407345263325 0.8490120941149988 0.5578164440821674 0.8366728519599712 0.7193401574630411 0.7988860823512568 0.4065172904332168 0.6542417676763054 0.8034177305595767 0.034285408172033294 0.42690342302576345 0.069273658036211 0.1721515135256203 0.7242744824740668 0.7632960272408272 0.9058027064638126 0.559422950937959 0.00920036241182498 0.7859064304192923 0.3141564324550027 0.7964324946712162 0.16765901612521483 0.9978964874327106
0.2505702866175238 0.9221095306350878 0.572272404441185 0.03744006566974889 0.1415526790262377 0.543986202221565 0.2937884848500064 0.6770418979120945 0.7415729882964005 0.6058597340136275 0.612601453867558 0.1769262780718216 0.9010785767588694 0.8182250792968658 0.16228732869737317 0.2737124561509313 0.25231886140840987 0.305982188167776 0.7870475477051615 0.5628435667244821 0.7233454550187441 0.1288530768375573 0.5033499102468827 0.24109736212627886 0.8315645669109523
0.9275433944318232 0.7690058589631675 0.7270494104987019 0.39724212081734245 0.1376874843260082 0.5866450664745352 0.6052798588040126 0.9792101633436364 0.36101062740440104 0.24505708104663926 0.9839197407173176 0.3288945909614245 0.7021913819463573 0.16076290326295029 0.46486250401392537 0.4189778762762697 0.32347095389756597 0.006250532067969328 0.585339058217158 0.5563400074481156 0.3613027533156494 0.5247543339299101 0.6318552138400694 0.4989433331295936 0.4382260641502921
0.41439697500209915 0.46470028541584185 0.9318340066071642 0.8662549501205468 0.4104790127682052 0.06621406092452498 0.5335824099353424 0.45988687628489966 0.44124333491263223 0.9063785645687887 0.41242333587073654 0.4301392757290824 0.6165877695392346 0.6893845086315442 0.22828250907633818 0.90520682966866 0.7726393505758854 0.5338724150435185 0.7742229556927934 0.42182991927844005 0.4409649541996702 0.34325388185975414 0.3920486333629335 0.7619910220459588 0.9704746113647988
0.6421173575245354 0.13371905033197773 0.08066102338114767 0.48311399111265496 0.4606113730103273 0.6467638129562808 0.32589483902171323 0.5238120439293517 0.4627680172543356 0.7832652837379807 0.14655499677377548 0.4966983017443729 0.7206956781837233 0.7705496266789953 0.13909992362040724 0.12295624520439297 0.7464632797519993 0.1740946234895535 0.8093647924757125 0.3353071093220775 0.8909403084626661 0.33334502993053206 0.45463222712871587 0.5772666953069401 0.5343373331565313
0.5212453221555841 0.1324185765002288 0.14786806464878643 0.7163284527664778 0.9892206191640935 0.6804732197657127 0.8115452968674793 0.34558176518755246 0.5484932645352054 0.013744440179887851 0.6514958199416107 0.1839838654190351 0.604374642760846 0.3398238868651495 0.2814460061561266 0.0076876897972435465 0.8124950551845165 0.9453132074568119 0.2898485920359638 0.7218151861856182 0.6683369101887773 0.7636104165176151 0.2662941082307988 0.881543045092736 0.462039075767506
0.7291081855418504 0.964778432553469 0.2676178480329905 0.2683144208288786 0.7992475140130182 0.1789460800566922 0.035216751460695694 0.16326156763845523 0.4423813727460245 0.6761459602533352 0.5162601963043312 0.4124657291001417 0.07933845242602644 0.2722930481522454 0.155511145655706 0.4165690947730091 0.6647884873607421 0.14926075330042976 0.4446377693132145 0.7574367767520239 0.5913749112749598 0.4345227629212376 0.7596742576424842 0.8680016480621097 0.3596284967371497
0.10005934657333604 0.5831326429330074 0.9581814358572919 0.043176006366991704 0.46073253018577376 0.6037502138020779 0.11904929620360172 0.3539683674175429 0.035703811914430617 0.6060529767061812 0.9747423575045243 0.7879892635266882 0.35056927499170953 0.18623110552979272 0.16788706572222079 0.7311482906571963 0.6008001502516224 0.7500307096923805 0.7640944553681982 0.45348302454054046 0.8588499442442622 0.3405728413183907 0.8255387655969393 0.6723606882203894 0.2839760889045764
0.8694168330259591 0.09836377979486821 0.8127451766176228 0.35974416713273616 0.25572519814023753 0.2555717648309509 0.5199626624291239 0.7667598538167945 0.6442566746121321 0.9719999843394411 0.0921608853853012 0.9546198414646467 0.35800310166481675 0.2102777284752928 0.42770884477076787 0.46932311997426035 0.862401144742253 0.48811934309840466 0.782480730762797 0.9377865412036849 0.4979210248062873 0.8125772968219289 0.6521688246739881 0.6633711886854645 0.4830045099923753
0.22393354974051904 0.5287790046893173 0.6498777674314289 0.7745007107602973 0.043407728763187436 0.4032906517243625 0.5058408014678111 0.2274107740982232 0.444870542316955 0.3197060749777728 0.6455425497215389 0.04550247681542874 0.8270024480271493 0.2792481992473055 0.9689256827096934 0.4870879808566905 0.4315838908190607 0.40395971988222545 0.21760363862824839 0.8799932773144963 0.7747135172800932 0.0696582636576718 0.11505170636667195 0.1711365473822849 0.37073469429043715
0.6862613184114128 0.836401214214047 0.8140262139397787 0.45195023367336107 0.01233886388848171 0.6649189819328363 0.8125007388691671 0.4674177154801038 0.6951693625546184 0.4636177751756647 0.4925984782965527 0.4902926560589096 0.8559509401820056 0.5053792775903193 0.8990818837552571 0.8870278717804279 0.4892786164703725 0.782826167236815 0.7114960233291338 0.4770516021034469 0.6876668102720843 0.7889561693162958 0.7993051857612284 0.19489775771938944 0.16775914353806587
0.2606389053381909 0.1464906195446306 0.6348557121085358 0.6490095506219508 0.37420643543208465 0.3409719357584239 0.8020142114084033 0.5874203589703088 0.9639368566012188 0.16536635046675785 0.9412307111848763 0.3991621133008081 0.816697285435768 0.8311871676474535 0.905430697037037 0.28579200789540227 0.5282161713953338 0.7823181300326331 0.48704770325411406 0.6772541856316522 0.04877115606057869 0.7655783862116317 0.05295941519546565 0.21989008295682455 0.12817939794670308
0.4536586614486847 0.2704465356022959 0.7121384811830165 0.9713757570924534 0.5969501256887145 0.8046571651903424 0.27798166808772906 0.7459155136474507 0.17121494197881215 0.9238957088636487 0.28956260865327577 0.036375166435800854 0.19898677223820338 0.08190275570193828 0.46152102907780657 0.9771078722527132 0.10506341136019048 0.09426872209003279 0.009113808850780614 0.21482045444854658 0.41775390226028974 0.49828730453637016 0.8984097858784488 0.884615778894115 0.8311043514181423
0.12477431358155933 0.15110831843550765 0.7275065663901971 0.18806200278871876 0.39385141210895047 0.31013387412013904 0.7882627020837327 0.594882567955571 0.13801035662463956 0.5301717523515932 0.7613069710039738 0.5476098005178521 0.8213906057364639 0.8667723289806366 0.7449651202760939 0.9713697321144559 0.34677371358232933 0.9744876851608893 0.6468349832919282 0.018876358435413576 0.4643832988584785 0.3120593968171941 0.8290908370671766 0.32064449897677116 0.17166778117600967
0.7683709699413247 0.17350796031623894 0.9536423290094109 0.23746140114370184 0.5716588043885568 0.5560897076837024 0.7472718451456566 0.7366340429020296 0.171419732054228 0.36128528698226636 0.7738034796028578 0.568339950920712 0.36160483903691976 0.653004768907469 0.9199809576228024 0.28809531232160945 0.24376871424477586 0.7288967714734998 0.4352813849734225 0.2302093823435296 0.8630890565901838 0.9474802371498694 0.65327098561809 0.45769891783123506 0.8618381749289599
0.7683433465728 0.3317529056630384 0.2196730856017418 0.3828260981367928 0.04697981750437652 0.03751932689402693 0.1451418372434552 0.9118310699672053 0.22173684248160708 0.21103000531692429 0.11904908397535396 0.41918956761656445 0.8533516487432021 0.43264071227713297 0.5810100877881649 0.9455588957247396 0.03771051715062823 0.547480314871206 0.9976525057795267 0.7217826730599846 0.45588042930579575 0.592833535526815 0.11271320235981286 0.9219315651747411 0.5655772754632475
Radious = 
[2.0020138449151523, 2.1376608070296075, 1.6335311821575014, 1.963175645162445, 1.6534470371520584, 2.0481881119214553, 2.051996572215437, 1.8492860047330302, 1.7202278434223746, 1.882779718421865, 1.6199967118209377, 1.4757883547545647, 2.1638820928992644, 1.4962659979762336, 1.6167200066017766, 1.8707223291389694, 2.0640943452675122, 2.2370892031073764, 1.9749609485386133, 1.7919640053110504, 1.9752004392360432, 2.3293346133385024, 2.093280260159503, 1.8877257377930865, 2.143557660271538] 
Solution = 
[0.8176042513975709, 0.7109594036620789, 0.1335659480718795, 0.23345733280724235, 0.48083781744005893, 0.997351119804648, 0.9369477340785517, 0.5266402782439097, 0.6231691794023031, 0.3472281713978904, 0.8203696066354599, 0.15473703122583293, 0.6980277134450171, 0.5896697738079797, 0.10107393495055017, 0.20727499355048307, 0.3261724944111768, 0.2757404176161419, 0.6187628753287764, 0.2551444924815027, 0.866500058104996, 0.5428358099079688, 0.2472633550257054, 0.6515750343670486, 0.13231480136392415]