Dimension = 
25 
Points = 
0.4197055410954783 0.21056438894622342 0.0907781812887779 0.6816932208762813 0.19971944633451766 0.8597263259258534 0.16023018982390025 0.789855957651202 0.6078313304767324 0.7793536240395833 0.32328361192167676 0.11965109012911201 0.1578304002580665 0.2724583011856655 0.14778107848451272 0.791768015531646 0.7834060500900919 0.16972795013665198 0.3317283515921793 0.17017291776341403 0.04346963717469765 0.0012530610997946168 0.13326415341453068 0.7349134550082665 0.9327718889408259
0.5031634682857667 0.9082336173704243 0.20714893320665373 0.5027494095393973 0.3197159510510471 0.25681503079925605 0.4074571911449403 0.5574550248465246 0.4150359832911146 0.37204511749773705 0.671286987912497 0.3631944883129693 0.0862534734681224 0.9762131172276587 0.4666275170130799 0.4568822232363714 0.39536837111801626 0.7794238329482613 0.6005401540856924 0.7245516389394957 0.3781361577578648 0.6435595623298404 0.11213459136221482 0.05993971988242097 0.22211574485849583
0.5162710156513327 0.14219291246420063 0.5986813372695063 0.016014611005404356 0.9266118313242271 0.3838674303038915 0.7771671131352893 0.7963851033404976 0.21125809746379587 0.7263173211761756 0.7176553055737236 0.9329218619310503 0.891888810668341 0.005489163107605832 0.9789978213785713 0.7242593262574972 0.0986628859307539 0.879689141854552 0.06576576703443426 0.2736033749655582 0.26483862795821556 0.03554277085681656 0.8099606780204825 0.43186457407093126 0.1138956237119344
0.7769316367037225 0.9184420137316516 0.40230027547620395 0.531272223240173 0.9911535349633307 0.9112503108563668 0.06014647697575415 0.5495103237899567 0.5095309722631868 0.5715059727499168 0.17903944315185627 0.8490716462814205 0.4479598771636264 0.6273181506150691 0.027363425710137945 0.0634043032985443 0.16810821777530238 0.6839459880437239 0.8625467253338694 0.9258744329237751 0.48382493733551735 0.099205564796914 0.5590789293207523 0.7072678797681508 0.9945798063862534
0.7172397340885494 0.2051475354853044 0.004439685579536667 0.8933259951603248 0.03601095080413552 0.4806578499505898 0.8159743062230792 0.8952244097316151 0.09184080389214444 0.14171051933361156 0.6397991029884792 0.6901312401102899 0.2864139830628686 0.9283924888815813 0.6306734641346189 0.9689070092249248 0.9016031249865984 0.07553195659084921 0.9673235241074869 0.7530981184640964 0.1746375139021279 0.5613521603363644 0.9041037242509087 0.20103399785188025 0.884145447432154
0.3088319433506005 0.6924154608482963 0.5841207067365025 0.46574871116621896 0.09530945712463512 0.5081592487408625 0.39777363879209804 0.39857132827932673 0.47913611201910744 0.26447450491548097 0.29861174636671994 0.3043608002461531 0.558793390244537 0.8145702020447427 0.16951887468221272 0.3872373979754813 0.8059098637083605 0.3807471224443345 0.2789786034199089 0.31133787020382675 0.4040353273547701 0.6962909761951427 0.7121027335198201 0.1683888660492694 0.22152322804625857
0.15620583903542395 0.8018169269397755 0.7799168445218037 0.3447596443340478 0.9101329958440478 0.37155411035902774 0.20383342123740622 0.1353498733612336 0.7242319382840317 0.46560299582279685 0.36145109379643814 0.6214705769689437 0.4614127555386669 0.4135475793775083 0.37259072535949345 0.5823958714176773 0.1617477791780222 0.2821457331118873 0.8277023467155428 0.7034348565621542 0.7117951785751205 0.8400790308642347 0.8274146692739396 0.8064653424498377 0.4967808872123115
0.3334435470259002 0.24897678899141196 0.21803778719084754 0.6097630696029258 0.3260310955790393 0.09183372033890425 0.8349485233696752 0.908300520719794 0.02312046070447671 0.8442946844118722 0.7023845243832458 0.4546917182339232 0.3062962548964262 0.38843755208600017 0.03380790635868236 0.37516830735034834 0.896993272484793 0.7596166045519538 0.6765931204679717 0.04197054680624723 0.35714521577917824 0.0348898999014835 0.9373273161469895 0.09047469912682748 0.6746687145523845
0.3618443774472414 0.402335385610871 0.8046738068984619 0.2120676202440086 0.28883489300528953 0.13538012872491179 0.6344237615916006 0.8496073252022576 0.7640589743943703 0.4788713693210013 0.8033586240275766 0.2515313193019162 0.8641183061113481 0.3816515825778184 0.5893401043826942 0.5464877287916178 0.8868960461667564 0.4653844422431874 0.5534918163225822 0.3609840042323236 0.9070886459872051 0.19772264526367533 0.5498916343562366 0.5345663469107537 0.21593438251492847
0.38041101453130477 0.03351091164208475 0.9897966435133746 0.028746133748885683 0.2313367360475812 0.33940817791123346 0.6251613910411458 0.5797416408200128 0.299332758733316 0.20711246571822184 0.6561935953018061 0.3373591190992753 0.21017839621969492 0.4778249830254683 0.9970209015553461 0.5572158430695648 0.4884210367308671 0.5646611402614106 0.501806436260614 0.06564792686516929 0.3244016764663167 0.041830669021108435 0.5943190305173773 0.12082429838022768 0.3785173383840106
0.9006717504218842 0.8469609747792118 0.11815476771569566 0.7333879972892801 0.005890337796262912 0.6595474309602822 0.3013846904097902 0.5617648546124648 0.5587216924701596 0.4778445350486561 0.045955960697013576 0.22715827916426756 0.9640703352240196 0.6126896873977347 0.6759767398173939 0.03302482304014054 0.851716746436696 0.4279382483157915 0.2787844741056156 0.5121930409778586 0.46590773945722574 0.8020951232343515 0.3547559556747444 0.6204585000845153 0.09516738692792681
0.2530864831785342 0.6333859607399421 0.6190599599918141 0.005510291759008301 0.14132772714974817 0.32949606890469973 0.9627966373742021 0.6378455643778519 0.5295141208837709 0.7120687286919164 0.6002439093808842 0.6269959929988418 0.6373898056783025 0.19183366204335006 0.31536893041207303 0.5636525286737838 0.5723828317143105 0.7636212276375179 0.8335758400695349 0.5705395419012553 0.9657959289559241 0.11576156225610068 0.1026046017708031 0.07396505946650755 0.47229175469405227
0.34620853916991934 0.08604572339821603 0.3995474829545287 0.31719667900015613 0.06216245917129537 0.5317611719021194 0.6063565797221603 0.1582658131089798 0.8656294756668239 0.22126783099407665 0.8752400026364662 0.8231707733375986 0.5178691724113945 0.8030430853090554 0.7932664872579485 0.13077162648596607 0.0036774090664337677 0.14715542586859942 0.6198960851254636 0.2179271557333694 0.7298257916502385 0.44296719094789616 0.7188710847131649 0.8892085992262069 0.54522942147361
0.45487087588687347 0.5899843172860534 0.1800303772771269 0.7788187244656127 0.03703963028429946 0.8794177001201054 0.024435163037232366 0.5051261001194646 0.21476312780450657 0.038858674777628166 0.33896885002038646 0.049305620144972195 0.03893625805298262 0.9749419507862459 0.35997511316151953 0.5455760342492398 0.6036270457074782 0.259348943475335 0.22595422289310851 0.8394807417856309 0.6356778507915127 0.940798649929615 0.525214582313508 0.958312559855791 0.02868002911130496
0.18624944075561456 0.11469673758707499 0.5856531791304725 0.6027491682732057 0.7357856285818913 0.6885116839633616 0.7005060558543272 0.4567925069259787 0.05820927676250087 0.3489342521532891 0.45740015999411043 0.7464609614794175 0.8483879776922022 0.3014608904248516 0.04784708286068928 0.44762855738804097 0.9515227105443751 0.13923154273339877 0.7994175101270544 0.7369475590583618 0.4959546279392819 0.7383241796456669 0.8791383350660192 0.4757850975614011 0.47326238458811587
0.39763503909119047 0.0666799582954376 0.7091837030254761 0.596450543760378 0.1975152030577616 0.576614104710661 0.620638845091636 0.7826171686686454 0.02081092771566395 0.8882886658678498 0.5654173377272044 0.8800875308636942 0.2612932376939706 0.4315656472487649 0.006085986795059006 0.5037244526978546 0.07926198381918059 0.6585368552452597 0.6153133648166592 0.05739770013328038 0.7525150524361905 0.5272364490639674 0.9575929915967085 0.03608867050007425 0.4188765485065117
0.29043741505868614 0.26649001260938454 0.7941276062071132 0.38168188727296937 0.47407200454667997 0.2309706821371854 0.9261776157474769 0.9148377517777906 0.3623058295443816 0.159771937836251 0.0593789814783936 0.420189081153032 0.18270436529805878 0.03988494492078076 0.3231340883888306 0.9137820299558452 0.7298746092303069 0.08962283328943876 0.6602888717325212 0.904619985973315 0.8059942354641386 0.3345000892578375 0.8863456489435656 0.7670142956356125 0.3109991585536994
0.9068021997479874 0.12422393965406064 0.7764011911608353 0.26863763689683806 0.5515098194383905 0.9417730690968275 0.4107031743248689 0.24768411092303133 0.4008611957403726 0.5688530683782368 0.34601817295567616 0.1549696767801294 0.9134103645742048 0.9751451689505675 0.7251980519242784 0.1179173159989998 0.08182208732079588 0.15149538926183437 0.5235492827638105 0.42457889125095893 0.7710970383320005 0.10209375587981484 0.6896085116080826 0.09839861309938869 0.5641152688559911
0.12492457935911006 0.03354736095758781 0.7742593732464083 0.895153715397963 0.42447786883976 0.3764743572394179 0.93591762448721 0.5780220273950077 0.131081454367186 0.5554426979903064 0.8732793806418763 0.28871076575810384 0.647714410807094 0.7470405116808507 0.029411830557822927 0.3774619952193553 0.21904191866732425 0.48929191758723456 0.9543395714831441 0.7862328396403606 0.09395250227517249 0.2820076813160418 0.3999720711669532 0.8453926101167151 0.8659889107528443
0.15021387000039554 0.9661078747929072 0.9402624367669392 0.20851898925656176 0.07960282851367462 0.513815698580837 0.2747664792823028 0.3631267882300332 0.6390500281902782 0.8196872562808913 0.3540944832650639 0.011640069906958095 0.7764554275987645 0.9635563478935575 0.8186710406036296 0.678491596666317 0.8406663557587253 0.010351621897632168 0.7676773617297868 0.7257766929574668 0.16272945915534898 0.5036603113936985 0.07300123081020782 0.21135340847138118 0.5620721516293488
0.8341457181271962 0.26961366773793516 0.934738846191849 0.094622416074441 0.28743274486974135 0.5084056300820335 0.8620268007204415 0.3429320878793254 0.918944702092389 0.8844601945111991 0.7696229685395781 0.7529406892392572 0.21520863932039724 0.960643360534706 0.3217140092589502 0.5132018243511808 0.4319707581091907 0.9739914054339363 0.5834586859174329 0.8338145495824354 0.5064481050387735 0.13365265250011482 0.9966264876936779 0.7562720268037753 0.6236732477337493
0.6969733051073732 0.02403266477699284 0.6513482968389309 0.8103054878330627 0.07069014743499491 0.5980317338854194 0.7555203001114644 0.9787101409118865 0.28704738603589264 0.6634460703633674 0.09181489477351801 0.13006160856849347 0.16429292405468177 0.11478785930993352 0.5982516646116799 0.9256578253572711 0.7540451046251111 0.38441659644182624 0.2957699412451813 0.8178955189490731 0.5356488590511326 0.17861197973973275 0.03326591460281503 0.1364197070502403 0.3088330618050743
0.7526223361909786 0.45451141296756403 0.02321927194493445 0.8710287180746107 0.9121462191779509 0.41904356135649 0.9420411879989321 0.12677364882891473 0.340738274406157 0.8181745643645563 0.48293098350095154 0.24557858988729608 0.841558642052341 0.08560968898128818 0.9276083443224951 0.6499777510952076 0.7181802548150246 0.3060351957572708 0.2224839184263061 0.4004367840154296 0.4763184697434142 0.17236961689408714 0.46318295025024125 0.865313674594488 0.103006889972311
0.9462727798218886 0.3638791212159427 0.7286132412843617 0.7554193712297704 0.5425307037522358 0.8468017509930489 0.035800668120350765 0.05413949370678528 0.10723978116094535 0.4943361332280217 0.036565386291059876 0.016159193471882993 0.2647944792833917 0.7443248893102484 0.9885665050971876 0.02639749252252388 0.098357387185106 0.19159392899073469 0.07809101736005375 0.7480465071820388 0.4620348823154855 0.03937028022773126 0.4771425397339677 0.8069959490670786 0.5726171525461063
0.21392661151766235 0.33087547878278833 0.3824769004962709 0.11505224773552403 0.4196546102100077 0.23180336815334834 0.11726486782553214 0.2756594416572554 0.9466368162798962 0.5464787514301146 0.9831109692860669 0.332649505651061 0.4041030899339779 0.8186831409746587 0.01363305589932029 0.8511717217304063 0.18821645638475382 0.5290848897827863 0.49411422255991355 0.3230590827934394 0.839176657613067 0.1716307594915033 0.24590887959533558 0.026266371988750703 0.6250521744123587
Radious = 
[2.1462813151434887, 1.870154494304623, 2.2448818462624653, 2.1352370265798695, 2.3863285631319413, 1.9557289938335152, 1.678647426824973, 2.515259876063775, 2.0683245666264267, 2.1709698412284433, 1.8214915825459932, 2.4260956201227986, 2.0749667002484418, 1.879403062016569, 2.189569097812412, 2.479962444317626, 2.075997300197674, 2.3068774144761828, 2.2765967226312034, 2.33037651251183, 2.0303320621061283, 2.1148507552600115, 1.8177137144609696, 1.9097673352626412, 2.3037623749073592] 
Solution = 
[0.8447472525139027, 0.38358258359365516, 0.37639516481478585, 0.6760970253124562, 0.6962750341609604, 0.35781121728883547, 0.2722539170325051, 0.2924827137732753, 0.9551388869544505, 0.36476781559229976, 0.3865266513497271, 0.16449027894982615, 0.1971636660366458, 0.15891269936159635, 0.9056512567414742, 0.554040625553854, 0.4238546159289355, 0.8440680540515093, 0.2306473206579086, 0.8846975275368044, 0.19165940449703922, 0.9949328082037271, 0.6431466728292683, 0.9678654385945961, 0.5041844283843129]