Dimension = 
25 
Points = 
0.453598214064481 0.4463140613518637 0.812423748203552 0.3019700687646246 0.25791167209703403 0.6477476749515413 0.8800028424398826 0.35013815079668287 0.8220797858368382 0.6223289062185724 0.16387520653659904 0.004344036352945668 0.6965350067339182 0.4053083941315788 0.1486605060147269 0.6978639214767929 0.6726927643788033 0.7753434015516034 0.4274792135493104 0.042118877519247255 0.5264799106055192 0.8543084454982709 0.026808407485156116 0.9038950819912738 0.669509799684971
0.04311437595636014 0.6567908911029038 0.7764722006200901 0.5493196142982026 0.9395436583833973 0.6607050035243381 0.9494297832772489 0.1656839250761668 0.08318561181560657 0.7227701242424603 0.41990770381985265 0.48780136879239067 0.2253294562517837 0.7133765991204603 0.41999209326979403 0.5514982267254089 0.30182745367591546 0.9585492945115138 0.27068333478773565 0.8553134934547734 0.5502912802027324 0.5506095776818074 0.7782466594899342 0.9958321882799875 0.17438293767025714
0.5463682642726846 0.04242184722288023 0.8485485792076123 0.15243155063670455 0.5942820208604356 0.007434895068455738 0.4427208123306201 0.7388784876671722 0.1591728565029441 0.8063393927669632 0.2652031423043063 0.06377213903244561 0.1235354862200636 0.872930061727795 0.7446748393646475 0.46547377971589654 0.3421785708254128 0.335226340706678 0.16915383083241842 0.7162787559646605 0.9385985181805756 0.40604399914730405 0.24359346281615823 0.2249093482459742 0.9652049853701331
0.832641395904639 0.6613304705536579 0.1823065300541008 0.5851444271248071 0.25772169942065504 0.4990062373063069 0.27103907160587704 0.9691237420746472 0.9233439577442097 0.9748746419301451 0.705083255611805 0.47620049607299897 0.8909862573540875 0.13395782668480816 0.3461886204911021 0.19285830841188134 0.3983321819972522 0.3982706714381622 0.2216729393941057 0.7952685463481718 0.8901871264310124 0.8246477605952354 0.3747684809695242 0.7001230638949214 0.474513762074672
0.9408435415680205 0.01103622375652158 0.12085169022694964 0.32929747301612056 0.43071394972353594 0.3652185335913858 0.5905413651425016 0.5595872348722929 0.20108713921560017 0.45735871199196954 0.8406771287333035 0.6494077708202463 0.6098927711377136 0.8571696867325255 0.7786666236215161 0.4830471658564188 0.5513363123037823 0.8793707923562432 0.6650080811632406 0.7664305494856499 0.5761050244567821 0.8817376504897785 0.9914169757455985 0.3002905318655089 0.3680822350480075
0.6170821963763664 0.6811937090775142 0.9178003013015912 0.14664836502805534 0.7130864526347558 0.70216935502822 0.5053085753320872 0.46734914286338103 0.3210106064051409 0.26242245173837964 0.7728509477238699 0.1434673381907513 0.7077149310343751 0.4666194519012108 0.9009756775498866 0.5743361283486457 0.7120982215440123 0.47260152984707704 0.6353954426293437 0.3261770154021172 0.5001029579975493 0.38912734141641614 0.16448703012526456 0.05173700907426659 0.13968371008577563
0.1382367173756308 0.7480867569361246 0.513684453679494 0.10654022848067979 0.3291788813018417 0.7729854650266837 0.8242063573367578 0.9661922067183502 0.5863100433967872 0.5758908131932522 0.21068586926907895 0.45279001156598175 0.8316646232038011 0.26758055942966485 0.5608405423360436 0.832456647086095 0.9061621167854442 0.9922351473818694 0.25507335089021044 0.5632385633936342 0.37104214272288927 0.47384861913571774 0.5062163170450524 0.9276258329499121 0.5550545788536653
0.42487218783480407 0.9857850898412914 0.08164846055368791 0.9749308588480468 0.5829444775087254 0.7082048597860505 0.6516997822254103 0.3274066419325924 0.9593389914224664 0.3840321442243655 0.6853914485868675 0.8253729800993311 0.5574094671085214 0.06255296643206354 0.7606352293668525 0.39891284142958894 0.2894990328798711 0.21478953604069007 0.5223213893280814 0.311045438527217 0.3797876482527448 0.7392378212277553 0.2817994209355218 0.015330895136254075 0.22558868317541325
0.4687276572031124 0.39985489935484186 0.46840716613722966 0.20538631219583725 0.5512845325830954 0.9359768984572978 0.42288535714239217 0.01752881364646175 0.3756030571067873 0.22712927057100285 0.04117106452005115 0.028352103485239644 0.25022005939186964 0.1587744280805221 0.012942041438493868 0.9761966852092668 0.35230404015622674 0.7384101915873584 0.8796717667719454 0.9958892565630599 0.8700588522878788 0.19488163684258675 0.7084557956447183 0.5156305928952001 0.22367684022198564
0.8486185654679413 0.2905133747988795 0.9623993855148806 0.22879450874809237 0.08564007127857243 0.9256656999913079 0.31694342775152684 0.21424230446259152 0.11486170810026819 0.997550591423228 0.10894196699794112 0.47861639299559866 0.35328799397203925 0.2761801474382233 0.3114609310019196 0.556271410391462 0.9168403685957034 0.04491182262875526 0.36152367617420367 0.8689215380007664 0.02373496530317898 0.940754210745338 0.008110096805437172 0.35340281885049696 0.0977048560971413
0.2973575562569284 0.5141833418867358 0.8765280332138826 0.18575834845473815 0.761591942925465 0.3491608113372182 0.3456855856694081 0.40377329317409527 0.6385606552545505 0.17597875493799287 0.020432428099268707 0.6049549961342194 0.47695315288840556 0.8770964186950997 0.36066092428958063 0.6300210378849058 0.4914291944617283 0.15469536712339615 0.9017963576488522 0.6029780253612039 0.13393593614827692 0.6432504764463548 0.9947507725122012 0.022676691985945796 0.2096169805078164
0.0734676425408125 0.4234811267296311 0.5036407189231836 0.4500375722099387 0.7834719021545881 0.48762498699201073 0.4479025554454361 0.028152347557872548 0.5152805800977135 0.1423880017659197 0.3973767972064407 0.4547811077125752 0.1715930609181595 0.8432125042378397 0.70021010216309 0.30614904683489685 0.7795277125215744 0.23427651269625283 0.5382183372587067 0.7174155340946574 0.9004354380292604 0.40876269650409236 0.8990790476880611 0.828785942477128 0.30679611789437233
0.18393141928837076 0.048174249559188254 0.7403595903522362 0.45187539532701737 0.8333971544225389 0.36403672551488875 0.38291343727860605 0.5863232133420089 0.4429260390573433 0.47410993107127986 0.3758933298147249 0.8700444923604408 0.593781391951531 0.7155455136924627 0.5378972736405835 0.7892427122963378 0.09350861986103165 0.7126776068845394 0.9347444543214393 0.7018070583508057 0.12464070273673811 0.8619717396432249 0.018795950909756276 0.344319002297099 0.2085718586827534
0.6278707627281912 0.5793468276229939 0.8244041944999794 0.34166736469242986 0.6534731737097206 0.47990500676612136 0.26889568005201236 0.9098464669427924 0.07188550889019085 0.5808229419136143 0.16156746144768974 0.636096051795039 0.6000009037530977 0.42652310065638555 0.9914291171400692 0.032915533673814945 0.15048286393481813 0.33967234588488926 0.7339426975014199 0.3867261928294681 0.6770366507782891 0.4416369594855024 0.8019902901429887 0.91864044163919 0.9153587027206117
0.8110887400648795 0.43917279679393806 0.07068266370360654 0.4232515763810617 0.45080560467924313 0.4481754987682378 0.8867620225131942 0.40862116923808145 0.5639996638177011 0.24731112018834234 0.6071368481095107 0.882098823668525 0.8525582002509305 0.9527969255579614 0.7338166415171746 0.6622754248434847 0.33030513982601195 0.06799899146856359 0.975824670900489 0.3322469146810879 0.4848811373463928 0.3657859805676995 0.10191427880498116 0.6774302521020186 0.5945345787352059
0.06460152654766593 0.8390227089982435 0.3638610813801112 0.41984428321497835 0.1909507304717315 0.6188910124493128 0.5181627379135431 0.7511044798236094 0.790048839352691 0.14426214399741055 0.09003326863769212 0.5398223962998755 0.5464635650344499 0.625076747089959 0.2534916569522564 0.6662256345118249 0.8484782955681376 0.22994109812536412 0.8897551775482344 0.5938577195472796 0.970801909951072 0.7926376893742823 0.5599871200952374 0.15680880204262349 0.482980743267581
0.9610038359138048 0.7639095493186043 0.03625732762018452 0.4112417471601181 0.7626839914936164 0.1724144920639078 0.9329506270001849 0.7174227861970776 0.0616895457139931 0.48758128324169503 0.40667476652366485 0.41587155304901524 0.551546971511039 0.6633763177761273 0.03220830141609132 0.7909110858250916 0.6848423206296511 0.850221652179593 0.3746466635864957 0.7154178043242023 0.8031116915712642 0.6195751721933053 0.4993536728802199 0.08221371147207412 0.5430142756474513
0.41661387859040866 0.20500648884284023 0.8017238391184536 0.9449485432424963 0.6102149428449964 0.8135190848094848 0.3802347259232882 0.2085836517222004 0.5736374900940349 0.35845025184993395 0.08047900878476255 0.16191020555211755 0.2922596867089412 0.5876232510005065 0.2779612040178572 0.18245377409102148 0.18113577077836707 0.08316848427429324 0.4168615881261474 0.10867346542418144 0.17862814511930802 0.40722179660649827 0.21307147809895166 0.5702551547188945 0.618469654435983
0.7707005717397849 0.022381415263925564 0.34369409979392174 0.766857406712158 0.8352549323358702 0.4004647118365644 0.004194301032826808 0.3355496743180112 0.6208558754291604 0.1816380935906643 0.9444094843292815 0.007657714339801447 0.3652797197341455 0.23256738707710722 0.30823094807034446 0.46373306641978973 0.5593722938595289 0.8477616930307168 0.778277256020639 0.05625477768149856 0.6627956556489868 0.24396580528630674 0.4962609718737223 0.06679329768281983 0.2712513799962041
0.46188342208991895 0.1737979681722447 0.7826348764683594 0.09389556916241726 0.13539050693673227 0.7590736953487637 0.3337699087461322 0.34938719619663827 0.1849276200712432 0.35498904326715575 0.4656446399875145 0.027026570616673018 0.7775992940635206 0.9456808574779834 0.9333945088585567 0.5359479759887013 0.36225231372433486 0.47199874238095696 0.5781166390640268 0.01725492407187701 0.5240226628750143 0.0045659787104513905 0.8459374516890492 0.5662687140389 0.4450846417192321
0.13078561353103368 0.9858792195469651 0.2319522879300846 0.8385088635025941 0.27700257309705867 0.8042838526847853 0.23680903295157651 0.6724050648528406 0.08922082957983235 0.9562389715503435 0.13750158665868728 0.025820019197458355 0.20982203655026532 0.2054349017928625 0.23266118736169494 0.9739335465958567 0.1057719498185401 0.8366354399894668 0.07152116862381441 0.11892882544963701 0.02974489818895576 0.6062166352117405 0.866955813115904 0.9639700881533307 0.6623210489417776
0.9934028573960879 0.20227334112225215 0.7311506749450697 0.5342710202356489 0.8059057599540552 0.5074083624333806 0.8740750232387252 0.7436009046135648 0.9225041541432756 0.33186059743229246 0.9903515352155003 0.8318217812811057 0.2116292858586709 0.19248669243729943 0.6939916399523212 0.6945990818027521 0.49811503737775153 0.3846813877251376 0.4480149534298119 0.9978620990372152 0.0340711842883924 0.6578639332414968 0.14550655251501077 0.5603807295096362 0.7689266717897618
0.9176913670990868 0.5971723873118379 0.8537742042805263 0.8401720409470348 0.8073542765721459 0.6690947282033988 0.06897421710758234 0.8000278302813397 0.5551656930109803 0.05479846838080171 0.004921371764875726 0.4227029347737504 0.05434862051950651 0.47811688316787193 0.9975932203965875 0.9796078783630761 0.0852423430622018 0.8564437845875165 0.10859366796857384 0.9001209931852727 0.062765648481092 0.05051994098419632 0.5023932661529369 0.9134717908945879 0.4204619732359658
0.8306034756227204 0.6079341411001336 0.9283663124468753 0.09978301876414886 0.6918748831352739 0.6914424326225027 0.4653238476117275 0.48223624912159146 0.7628213015916566 0.556755491557782 0.5203979263518412 0.4986513018618305 0.2632917956980909 0.32593216203932573 0.29144294828990724 0.3063054179352983 0.6141678348878201 0.6028979327831083 0.2254772895058922 0.8760632354976232 0.6951060734137965 0.9918301012322885 0.27035847007079183 0.3853450437619158 0.7917636128300328
0.2681846359732213 0.5605949597845513 0.38611886614512914 0.7331747389481825 0.5155905441690642 0.8276878376949564 0.35520063035809923 0.20735863082200123 0.48265922300007635 0.837518703276748 0.6100109079401312 0.9768174617256874 0.7698418218895823 0.9493524656998191 0.5811021859778922 0.15088685894892895 0.7373385205000277 0.36675132469294447 0.08575591310295128 0.31764514990331605 0.41217253913457674 0.13109132517005573 0.6029844140361784 0.6131766132137554 0.3645025884563212
Radious = 
[2.586790948772873, 1.995252273327673, 2.321902804974049, 2.507660876339981, 1.8055965934904428, 1.483377502147963, 2.22071482980468, 2.0076868236648315, 2.224842602708185, 2.464626825533008, 1.6894755873775082, 1.9010836861329183, 1.7594931356072636, 1.861316921914885, 1.9119063113285841, 2.1767918348733133, 2.202304463856646, 2.1620550079678647, 1.974344521619112, 1.7549947706373419, 2.5399703612730264, 2.147489958309395, 2.250565416126518, 2.1481701226248053, 1.8213841744644255] 
Solution = 
[0.382407037655049, 0.6108503887325216, 0.5508209555141157, 0.029025712090957834, 0.9756036047656477, 0.9582168772602182, 0.33622165582394103, 0.6839501424550422, 0.099488579199285, 0.3083084445020572, 0.9245807973477947, 0.894670514167746, 0.2660495696265839, 0.7777488450762169, 0.8431911270491785, 0.39281238558434994, 0.2483443451081958, 0.5652645680126454, 0.9307430364058594, 0.2822467964833367, 0.18469286728833223, 0.14608662623053725, 0.7473955887138123, 0.11141367007475289, 0.11684229497891285]