Dimension = 
25 
Points = 
0.5455892716094491 0.000543369105039937 0.9329128395570733 0.24878802529509958 0.5094516637359511 0.5927039480154589 0.19152223284134562 0.9155761749837937 0.5033142469920145 0.930671370350199 0.04355695221170497 0.06800277525139331 0.5817317952191076 0.3870038058640016 0.4730620621911992 0.15882428583040253 0.35036074370413894 0.6194827831809714 0.24339025322653407 0.7901081305019472 0.026790912150712276 0.5764879567948109 0.8398506228156531 0.8980861207506026 0.2732584281181831
0.4481567444908624 0.9805807705857663 0.4126776624147531 0.598907329231422 0.48764992330991697 0.09628429890224477 0.3068308562787073 0.14940337985624996 0.3292467452856336 0.38822654797914746 0.5880291468030452 0.15857354407102142 0.32385429764824025 0.2573317780266654 0.0002872107755902409 0.1434458174614972 0.41132729134816215 0.07399875372891718 0.5413496728332139 0.8126354477988904 0.21738739050105704 0.17210617273066486 0.3209590527736801 0.6055748162976304 0.4083483174772089
0.28448687291306907 0.339301489730524 0.335390497416731 0.3056940500815779 0.904874645724958 0.7102393237975708 0.2637442797850731 0.4708350359862278 0.595303469721028 0.3105505921385435 0.7306154023885971 0.06630640711002689 0.6993223995460377 0.93953578133308 0.46517748401028025 0.10343115513143386 0.8108454217591434 0.7577852039174165 0.8130799374530244 0.4072363348607293 0.24763462928062396 0.9187628086144122 0.8970055076961848 0.3163438190418243 0.5650867611675521
0.3134365293010467 0.9593281947979647 0.09346377872256706 0.7185228356981844 0.37361655458085385 0.5585754424413104 0.5080233986491364 0.7686234904151078 0.8435270351331652 0.8824751215489554 0.22242909053034088 0.22534243496739004 0.7202849337551164 0.6588250360093524 0.6585434136481582 0.4542548156579371 0.9706610520526475 0.1635614348656267 0.5751122990381622 0.6301197964845912 0.8015376826449685 0.6353092588447805 0.6662182685661063 0.7282543590905669 0.4250809480471268
0.8810705965745107 0.176366011217311 0.8945927354485118 0.8215598794654547 0.17398529491198744 0.08295572749908997 0.6961191511444733 0.21442719920981212 0.7900328622455554 0.40803882138828995 0.6034681964809991 0.8199647759852399 0.26274305528231745 0.7337016964561521 0.9303057220355951 0.7610901683047947 0.5010526685471435 0.01078175316075436 0.5759243452098127 0.6548535613010801 0.3000283223848784 0.47245080615466406 0.23770246831209152 0.1740008989088545 0.9479910823352037
0.7353094797573716 0.592675199265722 0.8458913816522877 0.8153491497202113 0.3324760832825774 0.46858970280422096 0.43400506131325556 0.4034065022912964 0.6679989878296477 0.6709241232729694 0.9361195964981552 0.24424428246232144 0.3343494820556113 0.17181234058761874 0.5463846355865404 0.4668352476635763 0.868092559838554 0.029750530169854073 0.18532081929599997 0.8476858942563981 0.13709242229497987 0.5407425577801532 0.24706775725028995 0.6439768978439772 0.5800992427224394
0.2675161782329213 0.7159653963791348 0.7915912623265856 0.9243102203201572 0.15725255341559563 0.40575854104523335 0.37532287037333856 0.7593183783017986 0.5424044737568512 0.06363255865063366 0.9156290912351881 0.5257213241100143 0.2803084834316171 0.45064680836832394 0.4666400310607628 0.047335476510803276 0.6668944218874514 0.9139819923981812 0.5119529712224558 0.34281050793790646 0.8564973095293982 0.8798441638191675 0.3681270845389002 0.4084948993875789 0.30390277864201665
0.770262563325072 0.9736839735029658 0.26194919678603634 0.5294597369353019 0.0530824422613162 0.5455416365266417 0.9086632608770173 0.7496909456870526 0.2615471987160385 0.9451086098167215 0.8934374954191617 0.22136171211678302 0.09359653072160967 0.33926736906734645 0.09071708234745479 0.3276644620619975 0.18500299659570107 0.942201264072055 0.3091599743135638 0.32974422978007567 0.7102323921820621 0.035661293143525175 0.33189929789572514 0.647664991845327 0.6964197535512793
0.44153193530247936 0.7445878850101437 0.37620494800929927 0.028983598179286973 0.5235089745719816 0.40717735647981 0.6123500578233977 0.37433248969765953 0.8935374657096732 0.11616318085127597 0.8144839484072425 0.03893411650746492 0.8383889900388454 0.4195171466223294 0.9154458918851391 0.217387748721675 0.5248479151774235 0.06756565065885223 0.41033893109918773 0.1341995145981092 0.7585270739038408 0.04653375970246065 0.022447640644749134 0.11887577522605952 0.9795296926597384
0.666183916760284 0.882559297208869 0.4292385294741322 0.48472232963674244 0.2831493420602298 0.023865521958212566 0.15774548167668756 0.8309559507477826 0.4376200540788123 0.691720661369756 0.37541891430483987 0.2163999411936468 0.7133343733084776 0.7290208655886856 0.05479955598539765 0.7621171435918561 0.9229174761536147 0.953339849494409 0.054924616566189965 0.4081562469572535 0.1908932367803976 0.20186215687401188 0.5268926358889684 0.2599160193790817 0.9162108615779672
0.7229094301221267 0.9079593748160568 0.13743534825915926 0.4145778545794023 0.34842973465470617 0.18075445712646543 0.9959611624630519 0.14802811133839022 0.9835809087042501 0.7420781029074816 0.42426225399184714 0.45806417629853646 0.33402481728128264 0.1722782359530507 0.131919156711224 0.5421949704940218 0.7388962992226026 0.8920235438387986 0.22734156356237967 0.0985755495023869 0.4871793546984039 0.5132636133284076 0.09921578841431189 0.3733168726312227 0.045171675154370594
0.2889830748808735 0.07622034147505308 0.7113800727008507 0.12544110700809474 0.2262902827582709 0.8110252404857698 0.7431760076713925 0.7404680309197685 0.7494933861424966 0.5954375073241387 0.8555329533459434 0.1042655605757058 0.0287464817683033 0.22600713903461522 0.01082930831113782 0.5883536667175595 0.9705863948704885 0.5033921226654293 0.7863965134492914 0.4097584830900408 0.663655699249614 0.5812747456034202 0.4487329543363694 0.5176450725118249 0.8045440397966951
0.47522666016392245 0.27549846387559473 0.4358929904031412 0.7353784899229399 0.6966326651622192 0.9461754445851903 0.9510800452022696 0.9541481200148546 0.4216937145236044 0.6452176975409019 0.13771741272740434 0.4686625257637502 0.7647726941509082 0.4189745745131671 0.4816784826953727 0.1878445734348928 0.8704917446935854 0.23359292606884252 0.36056203541681053 0.15206355587325404 0.5970630598897363 0.47422296995069535 0.9589065273500406 0.18077120009852132 0.5217462988127485
0.4496618548623339 0.4274942610307848 0.47190958784482673 0.3327548961974939 0.5519537522436602 0.9979855606700847 0.3962396626953598 0.8060966360803677 0.2755991490723795 0.058910566258347674 0.32638122491431654 0.062099708955065225 0.4333558028288459 0.5812842790761856 0.6814985440574984 0.46630292561720765 0.9816173699406524 0.46421946275887327 0.18073692559764132 0.4237981259382365 0.03235773820848864 0.26685562475539426 0.34753558144402896 0.6693451840958532 0.6464783411750799
0.7788346191696638 0.3351585934108888 0.22867711908500965 0.1933753979484225 0.0024548842736310528 0.19562139086238806 0.8179108578301947 0.34361355122048054 0.772060698910004 0.9961737102493045 0.019840262808196285 0.641973651917006 0.6689273880986603 0.9253205546600553 0.22205590250881135 0.5095639085892609 0.31824552869710543 0.1914397992012764 0.500057526913095 0.8770305638190901 0.6744197650320259 0.8359401061484442 0.0696342788346348 0.990095839484866 0.17680854045271233
0.6956115488009802 0.11426986753316992 0.3217243559653201 0.5850427102990262 0.7321767554008667 0.8698644776534316 0.7224945132479584 0.6340142603019132 0.622454922801208 0.15167560868278662 0.9917740783065667 0.14202143392853706 0.02057134649518433 0.7986394191278091 0.7150239926222173 0.8386261675345037 0.0034869937106558613 0.11492682295013046 0.053573965866938744 0.18122431321257437 0.792116330481192 0.22723100111420347 0.15686890635388984 0.8050763403329485 0.42999153694685555
0.8374135706292254 0.9542380106737092 0.5714268311856107 0.4049485498581049 0.1986303876707911 0.8863272671700733 0.31272202462271215 0.0787797668185608 0.8135454100356069 0.9073243043010232 0.9426892761623853 0.430520706462567 0.32819184272607105 0.3236626027516917 0.5874341941854848 0.9344798122312726 0.28031047688452093 0.14814448281217885 0.26501318343838653 0.4350748677287143 0.41120408241674655 0.9114479020904501 0.5511625211874438 0.520004824977904 0.34237451953981135
0.7761946538715624 0.013078468561766088 0.7497419136086086 0.5466075236703826 0.667641072883673 0.6522309165256494 0.7839723313634737 0.6666384811925149 0.004247004359980933 0.3744256201667895 0.08695885393987668 0.6817447156206765 0.8320195118290706 0.3863245132422475 0.27540832219843825 0.6910975975333532 0.547032153192028 0.05594507955388128 0.0525976342319916 0.5967025728308617 0.6650877924299224 0.593979210729729 0.4562034829399878 0.3366653606234977 0.19309818552770897
0.9449026062098221 0.057532611159090474 0.1690354259597019 0.5715969072488174 0.0502538963327549 0.6318074786161657 0.6503111018597441 0.48880278287510415 0.553705154467371 0.4254570423316939 0.6367011275489896 0.9176441723687898 0.20752067403010366 0.6143687656144053 0.3806307883225436 0.5565178451780286 0.5982022952149426 0.5140772922068034 0.47996472943922597 0.006576355336114448 0.674859111668896 0.33623271536754296 0.25667239091965055 0.9585495784553377 0.12554079277940622
0.36885543895915096 0.09675874188261557 0.029277615639776045 0.6536926829972277 0.22273853054195247 0.338865283931186 0.07101814616488245 0.6122850682518487 0.016368090017637615 0.9906532591289259 0.8631615487555749 0.6108791486529279 0.2981308049053909 0.13228522517760177 0.8514042745817295 0.10972383075154413 0.2699643994481441 0.14308158749952693 0.29127227976026937 0.6543293519996111 0.6475344676119453 0.8430602591835595 0.948948522346054 0.8058482525844093 0.04625693633093164
0.4362085559614294 0.6571423207981117 0.24191336426313226 0.9701956165436253 0.9879947907564236 0.9950329952593447 0.4018171184469794 0.7591576644204936 0.46209371660494447 0.21656489210380603 0.737093441401518 0.8450813969887123 0.37140455220154855 0.04804891670836997 0.28120240927807116 0.23426885640184913 0.5586133529518161 0.9436729711324914 0.48487274484701703 0.45020256674710846 0.46000998972414686 0.6708420400200807 0.5518107228787938 0.5946232771317789 0.08284581870166863
0.6875733237077681 0.8276824615320808 0.04129647966727035 0.3181749586078908 0.19842857971668326 0.8469046056291574 0.15180759605606875 0.6186565351254741 0.8903548058278455 0.5996782639014426 0.9360119356896419 0.8333308322003158 0.3862902733113417 0.9900701985834729 0.9103689107407941 0.3337246312746176 0.38843492226652077 0.7991320389207663 0.5012578769957283 0.6881162176305251 0.3208638868413982 0.6490103218046783 0.8363525390062315 0.2290520594402934 0.11065971963052179
0.12104568885578781 0.31378919070509337 0.8117503655101209 0.8966220675836961 0.3325441678962 0.20405823001248702 0.7665544623600246 0.030330357268966823 0.9209685762096524 0.45447914538661915 0.596820115237072 0.46925511345787163 0.3305374273960765 0.8722386778281345 0.5909125990062123 0.5079541445934255 0.7365597609097355 0.8638037138354917 0.5210087098134804 0.34230089591483015 0.9304659324075343 0.08839078049899618 0.23687570966105387 0.7022538139706463 0.5861294802699363
0.8608305676006145 0.15386126702723824 0.15153100948149312 0.8222144015399604 0.5172356940997176 0.6077021131741622 0.3773497253397311 0.31484238158274813 0.8072846260595073 0.2194153718285745 0.7626007996592821 0.7964523765787223 0.01927094223021264 0.09106163334582706 0.07235609948364463 0.636043671835142 0.8435570742841622 0.0950955447875933 0.37375564610333356 0.8975859721645463 0.6072672599747421 0.9091431828737894 0.1921927059367794 0.8907349229753084 0.6987051674649297
0.5869826857818479 0.9417491258756919 0.8195704632160794 0.1701016286866095 0.6177390051210633 0.6959153085337458 0.13461180156247332 0.4246971266027345 0.5810977274664286 0.10606065479324833 0.48473892683674336 0.14425103343375 0.1300089125822702 0.8864099612273848 0.7631028944946959 0.6536628401467351 0.11834863483201441 0.03487705793529561 0.9466052449576924 0.028799614235159088 0.5825008148453444 0.6705124897384432 0.6887860463920721 0.5568536805091295 0.6743285301279088
Radious = 
[1.8862388352489823, 2.0669404047956106, 1.7957847202029795, 2.1075135210710436, 1.6909427231241878, 1.8809196497059026, 1.8507149479126488, 2.3762990023010615, 2.4005940158078922, 1.9903914080539962, 2.3507935969374225, 2.12193464051965, 2.3067527025746206, 2.0792132311243896, 1.973029109646243, 2.1841534186100575, 1.9395349017116903, 2.0964387366186563, 2.0174930513160385, 2.2243134520153753, 2.031594368831612, 1.7914980431217324, 1.8885248033593367, 1.8979499990581488, 1.9135404923147015] 
Solution = 
[0.48460897932170477, 0.34050399201403836, 0.8357828074370649, 0.4652557726535017, 0.5237520269304669, 0.1622189920701127, 0.24907073484595632, 0.5628818481299441, 0.912777130610515, 0.225924774998422, 0.7140967795057712, 0.9712562948976062, 0.5606649702493087, 0.9314867497133206, 0.4269669081459898, 0.6918821070839264, 0.14031114380556142, 0.7110155180305505, 0.4719894049587864, 0.8695296339976069, 0.19206228256932711, 0.9126521805439053, 0.7486166087867405, 0.855353975456697, 0.8159843928652043]