Dimension = 
25 
Points = 
0.2358576001010727 0.17117865858182046 0.4445289804778947 0.547671731275183 0.8781937578432967 0.8369448318706016 0.7675888015470923 0.5992285905186331 0.7795567105310055 0.5837173752347956 0.3723600016065082 0.4253603816596808 0.9383269670919997 0.6695600954567417 0.6758759261187108 0.7909835805471558 0.9834895684814285 0.34473835036773237 0.772400535437572 0.3751643894258988 0.10863474132594986 0.5248059310002406 0.8886838760432111 0.8734567646756686 0.894614776494986
0.03225525549062147 0.0355286075267226 0.34260585151689515 0.07405262186345851 0.743297041817057 0.9289473740279423 0.7432296703306572 0.8645317479855341 0.0781217644598059 0.40105731850742854 0.1567309797710903 0.43706043043215215 0.08656547409389703 0.7777315937748158 0.4992229006732303 0.5653828600499377 0.5793864707948753 0.6728112261498916 0.8676478557349003 0.0873145748061489 0.9462717060236981 0.624109395032888 0.6898914206677292 0.7202900506479821 0.5522680114033844
0.9178793860995049 0.5522961024064141 0.8785623620201112 0.38123622148296143 0.20066891332625936 0.8682969439503184 0.6447490398809641 0.7307642808346725 0.8904832614127888 0.13188784038689583 0.7665288514589274 0.7529321511575603 0.9596006609753964 0.6460488358302048 0.5476353640850926 0.6536655459210129 0.18519350403536095 0.8955451774647875 0.8505668650177919 0.9110743801110587 0.40107645413724125 0.8397275837252925 0.8372506250213477 0.9378215094643767 0.600833403973532
0.6254490232950662 0.525472767598919 0.021347186450482725 0.4875080121388672 0.7736178888112817 0.6781779950155409 0.6461006157409998 0.6131362932966944 0.6312411449302341 0.8313552232253144 0.07391018417577433 0.5042563375963295 0.4093191846351477 0.8020667616478484 0.4630243744111796 0.051969856345116194 0.5283962240100488 0.9061919758203835 0.8489023348860955 0.9101774858115331 0.005143520488386066 0.7454006288771198 0.2779068293210485 0.9004247768659184 0.5626419602582803
0.9249954887195394 0.3570107268645262 0.9200863924579784 0.17914929207745045 0.5303669067478648 0.7185673506442197 0.8419470286600466 0.6331693370974719 0.5029935740326508 0.9366664927325091 0.8057720658447288 0.10752647810371496 0.8402013909590819 0.6541202790408897 0.8811161833291989 0.48642225519018556 0.41923161927040475 0.06919532250991 0.3260347731720792 0.6944996148885763 0.5857059360773684 0.49616132698636706 0.20280197838535952 0.2409990617936375 0.47127629225086687
0.02836439330442131 0.8565222062954663 0.7259188456873535 0.6317538790102317 0.7175528203268907 0.872971875893163 0.21232113617795945 0.03472051265136067 0.3044660198354271 0.21833562735523215 0.5007646009231775 0.8394942632606144 0.6033258316530298 0.04444659083372704 0.1827698975665476 0.4937666167419248 0.8807346444926062 0.09033847573745846 0.33452314381430326 0.3716299127882955 0.8351680096886206 0.6111035083353653 0.213441605945471 0.048144905191227494 0.612301587757469
0.283204375907932 0.8029643153767632 0.5490501712415733 0.7999134303542104 0.1934039279883769 0.7383064511190169 0.6971336270757239 0.7068756176833891 0.6614946638328804 0.5570345794822777 0.4803330927913825 0.41353525334740415 0.10750886344306587 0.1388606865794324 0.9885674127580341 0.09144824962598297 0.32336424056156854 0.3305846430843149 0.6886708857071009 0.1165418202680254 0.752277832572902 0.007101749599075613 0.6835931271483884 0.9936022733134117 0.8730115713238548
0.07653234677586818 0.3995808195576477 0.931383389058781 0.8674175180417625 0.06688825411255328 0.26883169130339446 0.4146964615235692 0.16323971051524178 0.4261680898551341 0.9710884616666571 0.8444253350614822 0.25362389222990733 0.1261277423189654 0.19490972139061058 0.5638784142256322 0.8780395678647099 0.2459151597106981 0.4695960610787041 0.12885711489808804 0.6719683210199728 0.4758082989884478 0.7063559363917422 0.42866771913321533 0.7573040114767539 0.2655630961304972
0.4599461470815679 0.8565806202925134 0.5856685332999444 0.2434831510121429 0.10624882383724943 0.11158260876143156 0.13409756456559596 0.9609281439360321 0.2606458570660233 0.3320158328428111 0.20591037960063696 0.8017849600771869 0.6988401236730886 0.014083389492949516 0.17604443217576637 0.7833471272698629 0.9479844863461575 0.3102918914806222 0.18688429000817597 0.6853209816607493 0.23255360391980928 0.3688387049521078 0.5591567841084595 0.7685810226575497 0.7228361887457161
0.6201327571002563 0.19126619896844266 0.36758294575491324 0.80696156407997 0.7896776466643419 0.6239087627366581 0.29647311449191815 0.1784701712766238 0.32839221087863557 0.8659924684922603 0.01486361417068982 0.2409527645191315 0.41551773314624474 0.6529527177892577 0.5365368842910891 0.13986637885941589 0.21805299658561916 0.47031973685922424 0.24702232411512404 0.43846271302454753 0.2640612936724047 0.9505851405262051 0.3406254667842108 0.6544440056607539 0.7444401147461014
0.7257697386376141 0.8917272016052454 0.22412306434824847 0.18987766267436135 0.7416532177298892 0.5715145175942841 0.8457279023441583 0.9318257822840754 0.34281245746949296 0.6473445076793898 0.41616241029300816 0.7434319931248884 0.6935286871354598 0.9391840085349522 0.6290931095375425 0.4354377564408962 0.9429356609973986 0.5248504961703895 0.22918147310002868 0.5785146424224062 0.4189397321821885 0.7222329832122906 0.9409949169371811 0.026906934633885382 0.3553571011406568
0.6032718844531 0.7683925354840198 0.355961023595464 0.46166863746665154 0.7576314197291756 0.3304520663220959 0.6610157684131076 0.03800723151489527 0.23268491374658473 0.33220327578985476 0.9607133028015419 0.8121221360256486 0.7953821917830924 0.7003243188131564 0.3486413068929296 0.1812581635486903 0.23820145632554302 0.6152007981022148 0.6852504772399447 0.06248771231376593 0.38085391729353846 0.739588369369473 0.40286516323727395 0.5515905458377023 0.739881731592895
0.6697425815326757 0.9776207679122936 0.803207756057648 0.8777312931522183 0.10242942133362964 0.4634493863649892 0.610566890705653 0.25460334218463665 0.08241986499686216 0.9504866849293053 0.87872601243979 0.40170495130488015 0.5317020128789998 0.03491531058207864 0.5468269127597345 0.7124530602140249 0.11917458104680478 0.14716119282580498 0.8635623049745975 0.22244482735221538 0.0028709241447936185 0.823248757991585 0.3359188448988988 0.35945325602066014 0.21418173362871928
0.18132650227355207 0.9482636042131237 0.7109108915845305 0.9008340795917732 0.5374802811650127 0.7293411639252474 0.3076722193414132 0.14548810907181708 0.38805393960188206 0.9383894488723479 0.8146548204652888 0.5879754986433262 0.5937510664636735 0.11097663963366566 0.0941521797493724 0.7343069408996886 0.9356463546677637 0.8366159428785725 0.15413661598514838 0.23306049469900514 0.4747067725531945 0.6255781537661312 0.09230884463196465 0.0016372842113797637 0.9951353740052081
0.8381604326247879 0.4665330045942322 0.8476083630393434 0.4705935760845399 0.6414719546778888 0.8196915483701185 0.4838836288669448 0.6591733081551809 0.21401522847663335 0.9320362437502591 0.011747159738762392 0.6233711918034647 0.4427050034726798 0.6123923039634902 0.24753670224959445 0.5705383841567309 0.4832175300551461 0.31874449384781545 0.9690972829063565 0.0024376031661801356 0.6203069665813576 0.21861814751888786 0.7351419587673448 0.4351146402318252 0.9994098204278313
0.7386879429952756 0.9248861177767874 0.28253259572840317 0.1728352705847932 0.7171848771190843 0.3053446906511901 0.26722297093662906 0.7907303309750598 0.4910752229766633 0.2579896431700416 0.7306224582258242 0.45848707209074746 0.38816958557671644 0.300536285283204 0.5791903321983268 0.6670125458783853 0.9226548505836839 0.29314563480685196 0.1244856572529166 0.5264389678566352 0.4370608323792914 0.4883626375746557 0.17997241859681856 0.7368739508999144 0.11907427484536515
0.5381376327160851 0.026313122202007877 0.5380889846990686 0.642938132439788 0.43328713219265536 0.4838419929759923 0.08008958101697872 0.778437909866467 0.5548050338105474 0.11101460921924677 0.8724640155825957 0.5284012447144929 0.1565345537408489 0.8399411655343477 0.9227670083533003 0.4180850485360412 0.10622131663811962 0.05113284443669164 0.48787757698292267 0.3213919265347195 0.211124277223517 0.8880751452514325 0.5359006169243404 0.8945647829442774 0.16667589993876986
0.14078473900565636 0.49942107765878085 0.5001571872478552 0.7631807427868144 0.7911683657799784 0.22119868959389033 0.05023992790325116 0.6312436310727311 0.22913244571742253 0.8094441202251869 0.16292631477032238 0.2396395735642276 0.535918144628871 0.4866539895510624 0.6130406257710473 0.24900982203807953 0.007876153392154084 0.8465872697324334 0.6397183452057928 0.8311372306382785 0.41337602217099556 0.9929649161400325 0.8531371913073905 0.2950690172507002 0.8021559643379957
0.408198727692331 0.791319491496263 0.6405409814324878 0.12270312234333858 0.8775911139611565 0.48600463713475683 0.4316997043763713 0.3375704148966332 0.9981330171643119 0.05638682594747191 0.9789357676299224 0.11021472610499294 0.03384888207106196 0.082454071766903 0.5882156591226005 0.34947581535359096 0.6704025248172658 0.7922731107702186 0.8502238349672597 0.5879414405301033 0.6410879410155007 0.45922779431367033 0.6188759581297757 0.9017249124651927 0.15854241659838086
0.2736739988411063 0.48509218490880357 0.1702128295898161 0.7788470935149889 0.6249043241322669 0.4051069785050859 0.13756772255259764 0.46183483922279633 0.09994899801600599 0.6883652282172771 0.7799727016142018 0.3647881753161565 0.5569818951449389 0.22179416873343605 0.6395972375157912 0.6697507685878819 0.0903148290024024 0.7204318816741575 0.13189950774777182 0.07004778511975773 0.8454483650661435 0.2506288446918403 0.3798649258085427 0.7016935430310371 0.7053190657716581
0.4547789775216996 0.4324132897536159 0.8238529084867007 0.30290706709822623 0.5740582298669887 0.32138821593559064 0.6550170919009396 0.024559467237046273 0.36663078826250894 0.6247291293797904 0.5468609252471438 0.3974476092830448 0.4685307294839963 0.5151600713749901 0.7573111519983132 0.34396764999306473 0.023933758662511684 0.5534161993210656 0.010478800871932648 0.43780325334860837 0.507771426114788 0.6576102135219472 0.07428792269567852 0.23169277905895158 0.4688669018849685
0.4864889923040888 0.2573004031254251 0.24404191150799703 0.7893347216851706 0.056579342324254545 0.27339247716574755 0.6885248797930366 0.7341049435583353 0.45158424036738576 0.026455201460564237 0.44566574469025544 0.6615056642674331 0.36416364535446777 0.6166633744752568 0.5141652012063976 0.627782972326273 0.08182046548440702 0.1937566890567357 0.8543869413332693 0.9598206770389338 0.27746709364010147 0.8353913058589456 0.7994337553481244 0.051671533318383034 0.5833408000117075
0.8885427699970977 0.6023185508646248 0.5230583400619655 0.008485422013568389 0.31967906554141967 0.20474086462896934 0.9048130624851105 0.6853846831182199 0.25073819221017335 0.5822577782503237 0.21473845688517157 0.45626408960830234 0.3406691177468505 0.803228715027359 0.5852875248888401 0.0022488219439463775 0.45057936305131663 0.38845231319223006 0.13806187674421233 0.8904939350968056 0.08332027150572674 0.073160155553608 0.4598903766380834 0.8809952903780618 0.48747148139478547
0.6878694886103333 0.2752776700832229 0.07269847213975589 0.5692444296249827 0.6044676522935675 0.5379611752946383 0.112914405261063 0.521360920032575 0.005020184023766028 0.42602969531759927 0.38184774428143675 0.4369234680636209 0.4704113841145373 0.3632338062617382 0.9255210005825493 0.3126532444654284 0.028096460746722562 0.6722326990960444 0.36328443011991196 0.7215238003137935 0.4164313868236651 0.49698338193203884 0.009826401636437887 0.015547310277197246 0.08383915747425486
0.02360471359914762 0.19305406281066406 0.4268183528131212 0.9893822966695404 0.029101734338375596 0.4816369541500909 0.9878616942181169 0.8565957780784145 0.2356622998362572 0.23927593586745466 0.0016365428165886486 0.8960424573255744 0.9811208935548539 0.3704156526139668 0.2490773644668608 0.744445477742094 0.8046748645327778 0.25783391818786205 0.9628369777631091 0.21774073108144465 0.4464969660939081 0.10616906421349859 0.09898511092738493 0.4318006032352264 0.3648085856540809
Radious = 
[2.0965161770341445, 1.873751043540751, 1.7089730681068724, 2.1921042604771923, 2.106575752508306, 1.708687933486913, 1.9493961152488344, 1.9324287074203852, 2.0507822057569025, 2.0582029925446657, 2.035806152450935, 1.7054259349634289, 1.8274979373886082, 1.9657413463467968, 1.8512058609161415, 1.9600030143412819, 1.78805861945482, 1.8031444681299966, 1.685651587504519, 1.9116837286730202, 1.7715480856685348, 1.8393238336090116, 2.39560979624732, 1.8738721746705729, 2.289232245334324] 
Solution = 
[0.3732892173655258, 0.4903247600830618, 0.9802287851209075, 0.3075867395902486, 0.4351182319453657, 0.7892405876652129, 0.11575477450046467, 0.4982982404891515, 0.47081420560608667, 0.25189359121608257, 0.7467785113755865, 0.9568239301737947, 0.3038984400948035, 0.05276378888166178, 0.6613666039008754, 0.4377196904678057, 0.33962727857787145, 0.8282329202541006, 0.9156158920875819, 0.22887250300007267, 0.5256409204877535, 0.8898997021186713, 0.769681226160603, 0.19072990919289523, 0.36297623644886967]