Dimension = 
25 
Points = 
0.2621793045412306 0.7097563218841515 0.9518925674127238 0.40183413596007667 0.7398665908436967 0.6268109579423095 0.8982583205042689 0.18491899515746413 0.6844655581583481 0.78204628936173 0.9403352959308555 0.5604616136909403 0.35162014302903355 0.4950538679558367 0.8804567918632126 0.3781527048662948 0.9358552760498462 0.5097225504285122 0.5541259442268327 0.520556173621411 0.37209280172878945 0.5451234633202228 0.198619725867491 0.7123662783715665 0.644116144306582
0.7340515441226504 0.872478268503483 0.4111794088729641 0.40177376919750185 0.12150310161199107 0.03038155636897688 0.5691345313005732 0.04889127551156447 0.8978578890938923 0.8477296939636975 0.5466846907819163 0.543862899591019 0.8208719262755978 0.2903911405928651 0.6225635821299859 0.22919548949860602 0.7482015153230234 0.4369204655893011 0.10936763857833987 0.05940318794048194 0.47069808698848425 0.9556279841324817 0.11102859427356215 0.3395083401378063 0.19297936224771906
0.18180236722222354 0.6916926697255232 0.5140516193244443 0.7999500246708788 0.9836336694859368 0.9333349148183073 0.3854596580127573 0.9485731867689646 0.9168086591359872 0.0021559736944866126 0.6440946859396706 0.665108120649776 0.4066294172463888 0.5093912184401501 0.6205223365730993 0.8757624327427337 0.5856987613730112 0.24069764876021693 0.9499550007524379 0.23442601007475816 0.1531010087147634 0.4438592007815211 0.4804056595602848 0.9793467758979078 0.7161533066848804
0.9341365018078777 0.8845932511553705 0.9608834098220715 0.9707311261826391 0.3612593385628663 0.12892760481003573 0.32787155334464435 0.08734973199676765 0.28393705044205264 0.8444924222319412 0.5998391406879054 0.4247382199955715 0.1281667147659591 0.16381279286113304 0.5025529424912344 0.13876898378916092 0.5958044796239463 0.5279058430295926 0.15847645151717926 0.9736164026617594 0.41977154127756977 0.7387664208738393 0.10235491604716995 0.6825954958705391 0.33199425172137165
0.8777673347812811 0.3037011996040646 0.05089913720252781 0.5486531985492441 0.7226199581314623 0.5612990311318701 0.3619560189848263 0.4325077736735107 0.41050441807574345 0.17504136636054657 0.831616228157245 0.4499281837096951 0.9401832112325459 0.9501522620793957 0.4112132650695841 0.4302999336339376 0.4938913039184034 0.5944120418850837 0.4019066446834231 0.43208409071359677 0.9661671984968317 0.7507008590700563 0.5015076789408514 0.46934439243083204 0.5912474289265195
0.20497586143144353 0.47804082539766146 0.19691740885470665 0.15917260379865672 0.7977104030579557 0.34705223377621786 0.23217739724102981 0.8929151647610538 0.971257172987819 0.23042758699391397 0.8682733218526587 0.7809386481142235 0.023929856459924626 0.505095408818744 0.3312894143448335 0.8137490474851531 0.1018393766897282 0.34847153293500344 0.386833874228528 0.688597704733263 0.8886127436693824 0.337195072258475 0.5597033296514884 0.03366376532217641 0.33744240026263295
0.2527648573347766 0.7541438021117257 0.049810453360721985 0.2971351931437236 0.825063799622494 0.39962164136623435 0.15088558403098307 0.008203963200330788 0.95056406489882 0.356283361987902 0.5688733498191155 0.36834819476211134 0.43977480226548216 0.9603172205829992 0.38382441064452455 0.5265490397964694 0.7073413170637237 0.13561187716371348 0.8813978031021968 0.13219292279584893 0.27310885418329955 0.737170457524862 0.380282107319439 0.32419962015474957 0.3194712000691713
0.8110334018757414 0.6771167689743575 0.6367313724425568 0.3580018344976339 0.429123713188444 0.8606993317723465 0.06169703027915352 0.11116731470396612 0.15422444123283818 0.3466166675526836 0.9163061887693951 0.026830465175686324 0.6813218849106638 0.18664071118574854 0.9659416358281642 0.895988067055987 0.73059895027009 0.5078909185499415 0.5046221848806907 0.796898739439874 0.6805970836463552 0.7092021040053337 0.9821072669330938 0.8188529680743417 0.03555164955932488
0.13510272200941176 0.6110040701207606 0.17294548637706653 0.908407341115754 0.6980457014011037 0.8363546015848782 0.6186513212958448 0.22916711108145837 0.6023319146452089 0.289207411618541 0.11364610929320329 0.39565998632544497 0.15759172896363227 0.4643956619944919 0.2501976217229792 0.2415237300072699 0.8241775708291518 0.4074748728941825 0.9863152646492279 0.7867326342538558 0.16223670360753462 0.7971575049978249 0.8973264334470642 0.3773613610047025 0.8581748242201928
0.2185761099937945 0.6290220592624965 0.9235736716697043 0.8648694118834528 0.5580105013871524 0.06639995999893644 0.6968215776826201 0.6273711642384852 0.6489873944970772 0.6810292966209976 0.6150966493728666 0.6671569249150071 0.011041217437913975 0.5040484987708898 0.426155050529208 0.045691646413877685 0.12553998069212813 0.6910109686024264 0.42471400260249126 0.43277886706354385 0.4176880232985608 0.9991989493024458 0.10464822591593348 0.9620778343354119 0.9805524902397886
0.424248199593229 0.8672472953650063 0.9055714820282627 0.2672356115131148 0.17408934394312725 0.4649170299979474 0.7836244996575614 0.326469878264218 0.7770319357117943 0.7153811313244146 0.5591197245062343 0.030165831807718146 0.15351782073775144 0.16293059855379266 0.6737123403671493 0.2419954443930874 0.2231262341408352 0.7932765344575404 0.923024502003075 0.19319744091744917 0.8172817260292751 0.7517145491955622 0.3678481802992758 0.957708446387902 0.09234846234624028
0.774423972998747 0.7746165961926778 0.7015405610165502 0.14314009638847602 0.583178308310697 0.520997422324848 0.7966373108362353 0.17153133441815516 0.45003247378097444 0.5411450047425508 0.38080226815352236 0.4322594974886166 0.27764700795782116 0.03687262868759045 0.8301733468928642 0.39094052376746813 0.848531773229515 0.6423163020836087 0.11886416077836093 0.3772268135161507 0.20980046888651427 0.47468571279503213 0.6264009532941069 0.9913230625528828 0.0810779289372281
0.009839947072978639 0.8866233043234727 0.9078461341126708 0.06165218489157387 0.6486020522434597 0.48790398985802674 0.04808472476362524 0.5896321863308014 0.7467673064681748 0.4872662603192691 0.45040141321695115 0.9038652726650912 0.8168683563244976 0.663633296708539 0.745738945386561 0.4602860907245009 0.10446545336037827 0.0725745920635954 0.7042572934606849 0.19553754310193328 0.7408883536515806 0.476423115070123 0.7935086922522967 0.8691097519100117 0.3776351787941954
0.16640439549120012 0.827337998981858 0.6939455459176039 0.09486573964625378 0.4231820145370476 0.7372626268634933 0.9034436402853289 0.2644024180899138 0.9876293747728241 0.17238445858757012 0.4342444013953165 0.06811312860201135 0.9613959757664395 0.6947781415526053 0.26732867222310175 0.13783352759290424 0.39431330429523825 0.9307849165112493 0.7764096288641399 0.5334296095954761 0.019728239156207805 0.09341828641467953 0.6559877335976197 0.5661708217905805 0.25282473148809315
0.6643707559591685 0.6744630151645105 0.15942767825275883 0.9610396131526714 0.15113768417351936 0.18016558298568686 0.05669027064032106 0.742431057366561 0.47420577372827244 0.7027029650302206 0.7661769548794197 0.0014630031107293329 0.8391204131266037 0.07633582036236297 0.9676104158366192 0.2931447148881635 0.5432810169029906 0.9297526877993255 0.09848813501264697 0.9584722022696093 0.9822581649349239 0.01381641008292922 0.32473308816838575 0.635099153296402 0.8924105647223814
0.359765104895163 0.712224942173053 0.8607775445887672 0.44547959626200306 0.5499219246202703 0.5194451091208588 0.7285661283539472 0.779891321037162 0.7073201367464907 0.19441231322454522 0.17055647681997332 0.2436773702532583 0.9885952265400842 0.9559564933482886 0.09413129270551424 0.2507138323957805 0.6050578990314561 0.8439773466630696 0.8768810567709503 0.7649825432770992 0.9932077782705253 0.895437136167491 0.564042675763217 0.5016115933408061 0.47853806688488476
0.1634166659950882 0.07840019068700133 0.5205442558188623 0.3661362844141084 0.2659017311716202 0.00937583701639133 0.44998037145169667 0.7436614044282369 0.28286434790284876 0.9975005516957407 0.44821620240235394 0.298387747412851 0.9798853484061433 0.6244371275480014 0.10159167545554537 0.9026738839470057 0.8650761911632308 0.8697912275001086 0.2548028397571356 0.11803958537618542 0.5292924565688109 0.14652105549319072 0.8706951876849595 0.029220181718090155 0.9894903793681297
0.09444179813619724 0.665716265298864 0.6359168293217067 0.871112528654968 0.8658328269222582 0.06749163345918419 0.4646674355171343 0.5394171304752904 0.13060294541512674 0.598984663041004 0.30145205428327193 0.529981840824615 0.9616280814008258 0.8701902397553576 0.6323977667978794 0.2632358964708853 0.6590333385645697 0.04854458606054679 0.14657927720124264 0.016130494751901647 0.24509241431729922 0.7645821408402174 0.030102186078682758 0.3250530275868322 0.02009138662076726
0.012676952359347848 0.47346041225885516 0.9602531490294824 0.3000860329598314 0.8189276358844012 0.5274934151473709 0.7918893869712831 0.7260744476600259 0.597525771972885 0.2638869863284312 0.10731530741103923 0.6187544152741108 0.3226685089987712 0.611092279120675 0.6826915363332849 0.011798801471139209 0.1304013072301763 0.4882231497844798 0.8760827360711585 0.3763209998589112 0.17810643878115617 0.6710612472211073 0.48918112925684964 0.8983433175285006 0.14872850825317352
0.9289519045588721 0.5057607316169488 0.7513323711337617 0.7793651852495346 0.8449492269274868 0.0721143426530576 0.01832959480468843 0.7903183793483387 0.16399091701112412 0.3629845474691836 0.09300502683818024 0.6563903353409131 0.12451194483462102 0.8783696681277583 0.42291351213525186 0.28829426046381323 0.48483557063877813 0.8257028266067883 0.2023301652804258 0.24033200507442254 0.07939098532078304 0.8676802036676905 0.4677687234780211 0.9534065448343115 0.41634459927131107
0.4714650513297922 0.1623361620402778 0.350818234733114 0.00040094082996677827 0.054722410794034726 0.1552571624371627 0.8913718082025924 0.5365706381085688 0.2931584368951362 0.8480186959240471 0.9777123539060324 0.0944237844921797 0.2413186246756991 0.18471179312348884 0.7827889171191978 0.27628120905976417 0.2967298177711587 0.4737287387309419 0.8006196344723133 0.08158604725321439 0.6812172206128031 0.6115715348750482 0.47863887779280934 0.08916201186173311 0.6406703199834813
0.4235266413226427 0.6388373942684696 0.9584025384940912 0.6081791719621 0.4062384191668952 0.9594699580599497 0.004935140292513185 0.04016218403934835 0.1433368317524054 0.22867659591149758 0.3471817632661309 0.9331432740622002 0.30903822120848357 0.3390257852488142 0.7020315901746624 0.0005631689099737658 0.10424622633883807 0.4419167145535664 0.46339233970032667 0.716659169662613 0.7156413473431937 0.42867852599047507 0.8118166752443073 0.3078370453354431 0.09286320431005124
0.32955104448372985 0.2500415943460771 0.9893854442301252 0.8935934325401934 0.5369208163779579 0.8947523245778684 0.9813747068631075 0.7628572213123975 0.27840219796497245 0.09717875534931886 0.16390829862254275 0.8237545463224814 0.19927623178376863 0.6194685662490701 0.5459418948213487 0.4710433874251675 0.4296142370010272 0.955861748751716 0.18565318720624346 0.7014365530125809 0.8597722477685262 0.7972837509429969 0.08251389158312206 0.14445595443326775 0.8479319943010211
0.035967923025669646 0.22034041826804407 0.5737110152737256 0.8942397355798362 0.44184468362297935 0.9324451582193848 0.6489885496304655 0.9404382845565696 0.34004153687919003 0.9539849567432076 0.22736793307761904 0.8730534909051315 0.8187184556739391 0.7209013911705864 0.7596909759461445 0.04807466683369388 0.49642310807091217 0.8239357920960536 0.4962128212242436 0.4503693849838287 0.13020724215590151 0.6414112574377832 0.21546742991052836 0.5778143864740946 0.2758826038701563
0.6863127966173675 0.97989052730876 0.6151204481937727 0.8657429584875438 0.7136465401323047 0.7914868801994891 0.7169899214691863 0.9830096347368409 0.0799100204083183 0.6503110001809396 0.02268881780080234 0.14355981473588786 0.2977757531537091 0.6668695391799836 0.5166292061923843 0.4443797626945518 0.5781445979727332 0.8683966758340884 0.673669218299656 0.5218410139825296 0.8829012001066638 0.6813071273850034 0.7805253465131582 0.846496838994046 0.3784402431689873
Radious = 
[2.2570918068028107, 2.124037306286197, 2.377946490424372, 2.2415367498887955, 2.189125527335975, 2.180327753060507, 2.058677497737482, 2.4947759670963814, 1.9257203275684744, 2.198568505439508, 2.014735524001328, 2.4143453635245207, 2.039170615301111, 2.1151543662965144, 2.292812313554581, 1.9731525295672607, 2.0706408565358383, 2.2884118195525884, 2.170352884579728, 2.5809289430586637, 2.027165478415681, 2.0998001591972484, 2.4356381595959653, 2.388392392135325, 2.229106251731259] 
Solution = 
[0.3259335931617614, 0.41805993409905007, 0.7705733921556819, 0.8947091679359815, 0.39662595213399954, 0.24692285669172176, 0.4294651685184675, 0.21020178152117996, 0.9756555258673497, 0.7987702093876486, 0.060614026349884886, 0.03248619161827104, 0.6986467952554639, 0.14488661846147377, 0.10028665623026245, 0.2366016467292904, 0.11201856639840102, 0.026731730022259148, 0.884635083929415, 0.3379060979134947, 0.8965214018605143, 0.23689429292449415, 0.8133551404889969, 0.05542932898144903, 0.7024933486049155]