Dimension = 
25 
Points = 
0.12449738467725313 0.7466417615934822 0.6046121083736693 0.014639368115676232 0.7298815505864253 0.1464574367570478 0.19398720711328754 0.18108311263607768 0.15472003583328475 0.0865956854497627 0.9877347764631498 0.9616094005826007 0.7499067822506615 0.8037163564279431 0.2866424459137673 0.7761116865629729 0.20493938656799227 0.6103138500187235 0.4173683114530904 0.19158867294975457 0.7758235759858279 0.2817947639071888 0.9551548375516465 0.6209976510751232 0.7987636972681653
0.9392004494617421 0.6624303784876148 0.8209465757958817 0.469684811504534 0.4589897986753232 0.2676794587594433 0.9648237242260334 0.5525563052760615 0.2774133615746375 0.9355928293526176 0.7080387387173318 0.6266346253314458 0.38066648780352697 0.17499459116419258 0.9099855649798797 0.464351691688468 0.766096883885432 0.6509028724581066 0.3238439060549091 0.653965959839205 0.8319092292957824 0.4218355132003714 0.5310362387241329 0.8724155502463217 0.13381359284736905
0.6628316142879697 0.4671093803140526 0.8410126988114174 0.9179495119307884 0.5148063865009443 0.70355857009599 0.7687457115445853 0.4941849629099466 0.8771811174962547 0.613232937158301 0.5970470189970354 0.3310807943416687 0.11036545203187165 0.5219263792755814 0.9884584261587075 0.14938837698484098 0.9184239311554874 0.5378804702624204 0.6159989800617676 0.04390626136214992 0.8829468043518435 0.36922300142398745 0.6112469150009864 0.8505496289201891 0.1326152737574643
0.5579831593831845 0.48679597681526166 0.7438825731501721 0.7669547112537077 0.7298724777535028 0.7580200941173585 0.44088002194276377 0.3003003049533727 0.3765740918241022 0.005346816755768868 0.3282959199606822 0.26304228982426603 0.3040232925895354 0.6377784793473238 0.8286540943016814 0.3429232352495821 0.14600911895793844 0.022706747946530714 0.059150104698235895 0.44383505236798837 0.8502204746259981 0.9674786987646249 0.2953476082948533 0.35367135943979455 0.350453269973135
0.5871563678708625 0.7334467843316275 0.3021861278800494 0.35914641398060776 0.830153147330158 0.3136034219124605 0.8900948943726121 0.43404755471010514 0.9457813714713866 0.7194001821961684 0.5763820293748212 0.622270857715759 0.12581551079337505 0.990511982003015 0.6874095026796917 0.6848612368512865 0.32879581346125786 0.3380115861539854 0.6559018674294909 0.8105621196275867 0.36681270669465327 0.8716229022683297 0.12949180493559476 0.4403808289917531 0.8880924570548784
0.48813212782453197 0.35229903406377705 0.8792426327909046 0.9023964465574779 0.9908657101508485 0.4805908597230715 0.8923920163075377 0.44998109315062373 0.3543588699868482 0.3826580586595102 0.6665976245420295 0.09351053805603238 0.6247326000427822 0.17792698947681473 0.22546653510565262 0.3246730733922679 0.029755384261686002 0.6541503156491045 0.6609805575876442 0.15377882555743305 0.26820705802646505 0.0838485288159414 0.3375068051363884 0.024819380240806432 0.636796264846365
0.659698418619632 0.9844943825045895 0.8392472071845525 0.13247783820985848 0.44145777288295307 0.5359762527027662 0.27719908528817827 0.8766568264671079 0.7569252542193897 0.27613748399616733 0.2298564840504017 0.6396727518479756 0.4418670509536591 0.09388375473588251 0.11115825594970763 0.05610335869431948 0.24682527017616496 0.22281860819302213 0.43317079985303253 0.14222906900977705 0.5974113902908449 0.08427440812719167 0.259475399456471 0.7083609778172962 0.19444964885340288
0.9491208018268205 0.6065881154629277 0.5885571653335081 0.4427014681651489 0.1088924698075796 0.6330372816711548 0.7296864735451051 0.48611280813859936 0.29666710249149575 0.6919128379891674 0.2546876454183331 0.020614825937871006 0.8072661708977343 0.1393779017796941 0.44966997381041773 0.1851115474198235 0.34224296752490124 0.3393808291317685 0.8561021972119386 0.17305027407181106 0.9922421269011411 0.9738653577306291 0.6561807987866214 0.00985143373375763 0.6505722428999631
0.5693657136187473 0.51947134041157 0.09444838070875161 0.7572936729915343 0.31622670802092734 0.8960328201069411 0.8025163732092652 0.8251176735730228 0.27281487954479056 0.8073007839423637 0.2765139682918277 0.2102894600279166 0.18154631429943868 0.037156934040330825 0.8863449272115025 0.2656671798900293 0.6057765535469736 0.5361218666532717 0.5827351032498478 0.5497454713469928 0.6383974048758643 0.0442800589035488 0.9883531757820184 0.35956404786506824 0.38186054028703864
0.8865286481196964 0.3715869709291031 0.5275822543126789 0.9367164182327389 0.997012479524262 0.4745867746162 0.28463596057779417 0.5473090409061958 0.3938452552379682 0.9909844607400317 0.544154289832269 0.022607030315208942 0.4728250507589372 0.633900069287648 0.16899973459523265 0.47499662682379273 0.7740352532788732 0.023781176376526103 0.816739382100402 0.37212687922875887 0.7528952970070271 0.6770746211644674 0.2736991542064844 0.29294556124680804 0.3863058930483724
0.8793273151523094 0.26872056954855095 0.40296347013361755 0.37912683219899634 0.6206487010572993 0.3165266851463082 0.21387373208883376 0.9597196838542037 0.5870033238719818 0.9910467105865866 0.5519557639106383 0.6987613800001586 0.8200673682169828 0.8278506803701653 0.04700222936119991 0.841464546727036 0.5909489652168244 0.7265943917120601 0.38952811981540414 0.13915725692647396 0.03876310547186457 0.13772463332645757 0.19134404693870588 0.02041511749428704 0.9026963476940038
0.4714949088349014 0.7558390683125417 0.4907155866218882 0.32108524041114406 0.20886530644347723 0.08290657333806073 0.32387614494913064 0.19089936093336823 0.1555032100025039 0.0767565563034982 0.5975546266854763 0.3743084598016372 0.22844068611945223 0.09348784980374325 0.5411388278590702 0.3581132777270627 0.39613691533242434 0.7528963200075889 0.5349032164713181 0.9701884921970606 0.6584566621637821 0.4208279896311906 0.05269764373922736 0.41513964971800354 0.15745606588045002
0.3875413390130291 0.4091477889219831 0.6507545344377929 0.5803635009713562 0.5072574816843726 0.43642943590706995 0.32779308563761267 0.8221255081784753 0.4198204925135537 0.5145399683717711 0.20397779835536056 0.33701631767858076 0.9882838421032031 0.5823825701468422 0.9894501094068172 0.3437186623025543 0.38903396578822624 0.34336004528770137 0.43010513803808315 0.033634234245107475 0.23353748589520107 0.5803747997520993 0.048881670785742015 0.7643278117833076 0.5082783939073718
0.5197083205124999 0.3272679909233831 0.3478842577694127 0.7411233231628984 0.2049384979655965 0.1043349162652526 0.11935921052327358 0.14769052657763992 0.4804484959485916 0.8289644771190575 0.5968075271084974 0.10666707534325925 0.03770863651397838 0.6138777044527928 0.7561154326723499 0.8877850902613037 0.029263961376445824 0.8780338228952306 0.14066460119040658 0.6025388413082247 0.5981699224094104 0.4899599491333052 0.5855858202853246 0.9633713865057887 0.7495463362722354
0.7703400008110853 0.031607177188586966 0.18363045727800986 0.7806696084040845 0.45163233569244765 0.8475665980679554 0.6632617642868176 0.00622513345367659 0.19596489238904902 0.8420070466704523 0.5583299837298826 0.047956496526297965 0.2179161578747535 0.5840423532691132 0.9209601986877954 0.280641922804443 0.6740816822921942 0.4196919169254226 0.932632786510139 0.6535113717725175 0.8310303067542666 0.4509814813525016 0.6738110167473282 0.8542188579501286 0.5358936886209491
0.5315871689852807 0.5815143087299706 0.9492864414670503 0.05952702128233567 0.2033059905412199 0.14977143819080374 0.9945962736182294 0.6357133846998116 0.5262812592939727 0.6638815189509564 0.36715760550251275 0.6062871405602295 0.5506103747175327 0.10922687614843707 0.7586903299871433 0.77176887317561 0.7656227070035845 0.5888017894457748 0.49937005248890454 0.7965036471483407 0.3782098725379178 0.8101608516271332 0.47809851991988517 0.9019028012256013 0.7732317221453792
0.8603887949297949 0.4247535955846802 0.048065377805210474 0.5533646474751752 0.5370303323300556 0.4272206067347458 0.9154267445649501 0.5212856821609927 0.7465088877936736 0.2668923162938176 0.8773959429418325 0.8658812437200187 0.94229335226614 0.32848142243152445 0.405220448592033 0.20522458105489172 0.45159507751765415 0.6883729610615754 0.9601043658180659 0.9135067364623698 0.7421693595686097 0.8944553335857078 0.9474203119889932 0.12366577785114496 0.9433505003448869
0.016378255818967236 0.5634945345758209 0.765764913654908 0.6382959448505922 0.8382075789323503 0.1896686789467874 0.05855796882670761 0.7499603491398031 0.47202435230327666 0.5416840813178533 0.49377132011929503 0.5755740400630187 0.22401833415379058 0.45220066137965464 0.2712977605759851 0.8976082444538208 0.9357765129673001 0.4474636955640967 0.6441617416082397 0.8341576964808554 0.7988055286027468 0.23687660329794658 0.11428798442067467 0.6405251154264849 0.29714929370289955
0.8951042052348146 0.5340479759827242 0.7688997850588106 0.4034766470746448 0.08332724889923193 0.24889818833169974 0.18303813105655475 0.9864180414183066 0.13658848679272018 0.8596541297370105 0.8815510161927332 0.45064831573149544 0.41690177892189995 0.37918138094080645 0.6013626814381657 0.012811990470376733 0.398943170127114 0.8987338221987774 0.9617783610141146 0.8453108002901291 0.7520759331794575 0.8302506719705661 0.5248401858490668 0.09366627639206626 0.30815975849715405
0.05281880244169013 0.09414409469871132 0.8053516047174248 0.35154980457402896 0.5437576552754639 0.6797170868523218 0.7899169328522246 0.25978411423535197 0.868560039152954 0.008271442076147162 0.4327743184448719 0.2900982942818987 0.8289374172150585 0.42344042835126605 0.29569624894560487 0.10875898637800896 0.662359674773073 0.29279223175967384 0.8575057958519434 0.14264278708356704 0.48640242123241817 0.48483477337808434 0.14273112788556352 0.0074918548675960706 0.3222120091628503
0.19037548463261522 0.07601896879147618 0.2151783370517487 0.19625526188920694 0.2898564278206581 0.5379674423783989 0.06719288430547798 0.46005136577226224 0.12352366250467894 0.11197909526066296 0.6076258239233119 0.7220122995425367 0.6300563425780191 0.43610729577446894 0.026401787209040184 0.1192791006977576 0.5860281005527918 0.5369894062022749 0.4634364762864841 0.8505675625592733 0.8831093337615543 0.9262230599812459 0.8010260970621049 0.7509800613652332 0.9763437713661313
0.6676255323363797 0.5276134414864675 0.08254956471707531 0.7530043840668462 0.5716977797442238 0.4392188569602641 0.7701215109451212 0.4946426450325785 0.5838471863721645 0.08238744024224909 0.03097545591476425 0.36213298477906664 0.9728676703622159 0.47640454924741105 0.34713787147560204 0.005562904952197023 0.23108664455368055 0.4821407374106973 0.14228179069336377 0.424031746229523 0.3766305502286058 0.42992443771625255 0.052101057528145645 0.9257705867923606 0.3987711680214552
0.7823663828801466 0.12526701251206618 0.6097357420645878 0.5493879715155486 0.5793587388131596 0.87855509862956 0.5762022263888071 0.7544015079685917 0.23553928875875896 0.4752964260109359 0.047959339100705045 0.6687387565401708 0.15948939253516137 0.6944219685513202 0.7005739540201089 0.583371667320942 0.3723275712427725 0.10367160268500086 0.5077646319904875 0.2048386367127195 0.9305276129074562 0.394754809631504 0.6718448338840514 0.699548993053892 0.13371391896911333
0.364166455390622 0.4734654372572705 0.06397598808650584 0.6625450625143043 0.5641755362245761 0.9109929055975555 0.4211900873402379 0.16770923885810607 0.6200770351362558 0.30927235904190453 0.9133238110762338 0.9206071156654526 0.16852934108645157 0.470094800482153 0.7531433444923401 0.7205005160482771 0.19212701074751826 0.33738939067028284 0.16897988850543577 0.031701480087659384 0.9031630284187863 0.5378957924075044 0.9115689223097854 0.5192684080776078 0.36313882599610026
0.20012847205327444 0.04724756718306311 0.8572516893740288 0.7039635249287336 0.17414881829555506 0.06035316009075442 0.29446779374492627 0.44244533343351355 0.19096365612907729 0.5523584182384802 0.5643345977277765 0.40311275687626114 0.5339989068266309 0.2694212196433835 0.8229614472556656 0.6605240413725132 0.3369904879513381 0.437880692083363 0.16003613764569335 0.9509710042448705 0.9503175405582776 0.3733140209934037 0.7470399034255171 0.783523181351058 0.3196563071158053
Radious = 
[2.2532594454908383, 1.8651872879542435, 2.3658773054251707, 1.9279882745781054, 1.6671635678222034, 2.0003449953196557, 2.1707009323978586, 2.023329786436238, 1.855095586516653, 2.260182994021048, 2.3211786917927015, 1.877536121532418, 1.9058187617206566, 2.046371084806819, 2.0284920060356084, 1.6484312479084409, 2.2009571818980582, 2.3350274476418544, 2.392381361591686, 2.35630388111631, 2.305465741295409, 1.9252200179792756, 2.058513966261045, 2.1049602068215587, 2.2025997026386777] 
Solution = 
[0.6186282760697182, 0.8999836719257787, 0.24778209937161133, 0.11551295548686136, 0.7889333886387013, 0.5131120690802061, 0.9793805932953032, 0.12338332744246805, 0.011489111385788564, 0.6842462883754228, 0.11015697862641316, 0.5212705612134073, 0.2692809417574594, 0.04522802462966813, 0.9201773483130993, 0.5414465121314312, 0.18843482821389013, 0.3001873404000256, 0.2943857529968883, 0.6389067304007309, 0.03532036507579506, 0.5840564899773144, 0.39713060780083753, 0.4761464156823917, 0.9589812477896175]