Dimension = 
25 
Points = 
0.3252065018481892 0.21077872015945964 0.8883160199454324 0.9120452071208808 0.3683388331486367 0.7573186240101176 0.18063562510613296 0.8554093886002225 0.3382713324244585 0.7822240548669298 0.3001494051417175 0.7350845453513102 0.8465712906876233 0.35407638459287427 0.04262416623817833 0.7590350822018332 0.38138079825997173 0.7286925461050549 0.5206729631599992 0.44283127455213456 0.1519234619417743 0.4494170329675692 0.606561610201334 0.8561183408115168 0.10866174874685097
0.35923384764025246 0.7392639013764357 0.4729879748303475 0.15648159817437646 0.01728040643736739 0.12456008455717149 0.2635000199882255 0.35686725924654583 0.4996504297823746 0.604566765402626 0.6526450141546073 0.5049261034951865 0.6806528203055789 0.7470201383024268 0.46212630826294343 0.3836290106171426 0.48365324377076424 0.050664249917374615 0.7292072089143364 0.3702002525486282 0.8689013833019452 0.8403277212603506 0.6159152896231728 0.15191701303852545 0.22767068311575778
0.13455917977778464 0.20591499685114412 0.672987279955692 0.9290727877579522 0.6557992763400964 0.8846418508386661 0.43971003039725487 0.26593893683076164 0.16272491100738418 0.4354235234716105 0.08712676671238528 0.9212888549257622 0.6459464030420478 0.7602544485938243 0.11841868665975486 0.13392693375234466 0.9778868717932707 0.2711691990645452 0.44941244156283255 0.9930420373178107 0.6792443228737111 0.44275956617280665 0.6690461814974535 0.03759442640491173 0.35992881813471833
0.011664730664085465 0.385987183879163 0.7279750214389267 0.1628840489143596 0.8048916235966644 0.09895354407368384 0.12559250681321887 0.23965598162190893 0.8031864991924632 0.4097028249076201 0.26395174246237063 0.8628386848021206 0.10600841091238855 0.5925733243759199 0.7246463601159987 0.9123740714348626 0.7453343167119828 0.8290063736766958 0.419501347295802 0.3227420569426328 0.051453842427122365 0.5140653281388429 0.6304191585590466 0.21013131106480476 0.5203304421353651
0.3007479798039999 0.7210618615771481 0.7696239659035725 0.6286048835798701 0.5779024593565711 0.810702459695211 0.33711553111338977 0.8274000818954992 0.20470245600365689 0.3104760618425453 0.9248618025271302 0.5453111976899582 0.7350755227834121 0.5899690572612658 0.975404623769338 0.8410521923436671 0.5906455400079488 0.1545879935067349 0.5014747197619378 0.037072226580289525 0.05370131954214641 0.913025925442854 0.14721495444147603 0.5767022181253665 0.037991702977579034
0.8073109409761842 0.6945165266620846 0.8162245648722272 0.2899457033550912 0.26889261621076177 0.13928033113728866 0.8134991654669961 0.5622563341019623 0.9529028956711392 0.27076908528947696 0.8905486593966533 0.6840162336456519 0.04117903962777736 0.945880286086846 0.18019632260489626 0.996898822356802 0.34167956637044483 0.059162269147814195 0.20712063318659213 0.9236970735287444 0.29370684823384685 0.03358198077980912 0.8163022262103576 0.26084621360851823 0.324517691278428
0.09111368146646714 0.7577671115687729 0.8100005477750778 0.28779686251625547 0.8738480420780551 0.88732413423683 0.8468263884791866 0.5662823556607309 0.740594043206296 0.22218364838198046 0.6028471635438347 0.5571824202505055 0.24441365854597508 0.30757214531665333 0.11631428632714225 0.43490078061377024 0.5222485991459455 0.20986563928366475 0.9930534852644729 0.016011241767592277 0.7616901066257464 0.03981395484014849 0.5508540066012569 0.13858732623171943 0.026589389776849326
0.436929841234278 0.5154101219134901 0.3336302166118048 0.3810116042414887 0.10771287834798837 0.17817172161485728 0.922862778532192 0.5279584949729732 0.6193080219012707 0.2553665637915363 0.9090325838404588 0.10837448870104438 0.8919687755289927 0.3469629132320612 0.22458342140300125 0.29638031904558026 0.9751871743475331 0.9042430224772364 0.08039050263999914 0.558844263476488 0.05176264673730302 0.01755449288818256 0.03918238993208023 0.27596530360755356 0.7195087881650464
0.15555027521096176 0.11608869223220764 0.3502507793455134 0.4208659459384393 0.023928465275471655 0.9534351998920206 0.8272030754977344 0.9161907312044814 0.42638288193052887 0.1750009927470687 0.7517955109695342 0.4344773928821981 0.8046601752323226 0.7019685623493798 0.39042839070265534 0.4288152943787721 0.19798542267931718 0.1881236337888228 0.8472070751134317 0.306966912967796 0.6352983321451229 0.932815301762809 0.1126699903580326 0.378620759405191 0.585871094630237
0.21747135068126233 0.3507166246838598 0.8748433271615466 0.25645925937979586 0.6654053425142626 0.08526334033724092 0.21446957965432334 0.33630063239813834 0.13208187325549925 0.013655974714123387 0.8783696382214011 0.7978714183122664 0.2340399818630281 0.3268803042299697 0.09359034322846138 0.9656997689131905 0.11612355307305 0.9028653736037299 0.4214894120589332 0.8443829645264423 0.02479186480087836 0.4734133129844744 0.25901263126706464 0.19509649738763135 0.31278259219930615
0.7216050187479744 0.8693403556171378 0.09627636410569163 0.6773849018345978 0.27794883967509965 0.8184051242288413 0.6720384980932305 0.6510147173780692 0.43764225752934427 0.8462614553853381 0.6607954662462692 0.8488537156734306 0.792362836777606 0.13908696950683597 0.5576795295643533 0.002035813478750259 0.3110505133692246 0.40116515356152016 0.3818572539565337 0.731771237998211 0.906845032207515 0.26288325242366384 0.9839653070731355 0.43373892235603684 0.8545101944773877
0.8541655051547195 0.15193157777680932 0.6678082985195248 0.5569532588401943 0.0902571607249123 0.7311451080756596 0.027999898357923714 0.7946608634551273 0.40446290921887174 0.3507240374786409 0.8946113987779566 0.7080951772869112 0.22110601769084415 0.3504042083482327 0.4852145481968877 0.1494284946769785 0.5993954291729333 0.04495818699348275 0.7782541918134488 0.05872407534633217 0.71892828460486 0.6262793352981054 0.9271953266231643 0.2239592540298918 0.305089025841355
0.8183639651695692 0.9652977167354706 0.4954799598180426 0.259697495935013 0.8071007981939853 0.21918882689673802 0.9246350239082151 0.9988138689455227 0.7179827366587662 0.5643503861345437 0.16959728335774982 0.40131835044317166 0.7226157401688069 0.7312394783221685 0.6739363869689908 0.18630602488348302 0.8668411761862322 0.25320202886988075 0.22143306916399397 0.6156199921830929 0.8440249627437427 0.6683463658630951 0.6594421406962684 0.601623925022472 0.8833122459660859
0.2622385490449993 0.13915298615914984 0.9747177558279475 0.06548973158817117 0.4596921150909561 0.8641227102164197 0.1749176819797298 0.5328029676106744 0.47826781779348193 0.5613791741703487 0.3664153356136223 0.05996670672458371 0.45824331750910596 0.8946036386292999 0.5843262487882559 0.7694379820285899 0.9296204065708124 0.826348836591676 0.2519735417502955 0.5339708316316101 0.6872921845192349 0.1403717126312931 0.571797748504493 0.55072382634316 0.8988183188791153
0.1954493355113721 0.8710580272327403 0.3926332123191886 0.18274230553013704 0.6384925702713949 0.15260792703823167 0.8414930360759187 0.9425672616947012 0.0025950745331416725 0.8581571286426186 0.38517766581710977 0.97577196795692 0.4444862301080239 0.43191098987028365 0.5246856101517573 0.11117151367984845 0.3014070509014789 0.39083946284062365 0.26517169329161716 0.07032011092706791 0.750812258914938 0.4538462059258124 0.9705548019742443 0.21703016393665808 0.30251358777783377
0.09851047952216896 0.7635728684146643 0.01965020327929068 0.40387834982134274 0.7048116636750299 0.7020264924431777 0.20059827186247037 0.9540221012436992 0.7509818366504524 0.6399297255681615 0.7602701832985012 0.16725621646290278 0.3925724991795474 0.6714496594530748 0.8060646612539135 0.5054060470032664 0.3815473100428537 0.7607477533851212 0.13255357570405124 0.3717167180078097 0.12493433851240998 0.6013196017200279 0.03795006158053715 0.7182721591895997 0.6695310442012893
0.30492939624251847 0.3979212639212584 0.45358088213035563 0.7128029635650132 0.7816250430540835 0.6782896245782365 0.9966125155297235 0.912782632276614 0.6042287154252671 0.7745450372021734 0.7701609851987459 0.30250944600797935 0.0974239847620958 0.7038126839987152 0.3013646111645464 0.620584513936936 0.8267572134986233 0.24685750348123803 0.2919710937216914 0.5585667374680717 0.4090656803743463 0.0626815294798031 0.709663534977923 0.9433415509404957 0.034072821788429075
0.3266763281265038 0.6606651258433959 0.34405320463950273 0.6821854840561203 0.7028649988705781 0.6256123388608522 0.11042667060833555 0.27451498332618207 0.16682329723268685 0.6181016367008456 0.677095275091973 0.5030445784404531 0.42124699761459994 0.9628751887721826 0.9638012267550923 0.4056225222205121 0.5202282186592943 0.2312605250403892 0.36916180797788734 0.46289396335502087 0.7614532261377509 0.393961480896605 0.5665767592860718 0.40310135080781617 0.8614623349259158
0.8745229755955327 0.9984570236688181 0.4417207469499269 0.7033913658310638 0.19748624786206959 0.3627208930463466 0.7681035561407619 0.34275351369124196 0.6564481051429032 0.6089257264331636 0.6548210767465374 0.9114812697113995 0.6913549310553099 0.013935279591539063 0.9945717101520001 0.8701319480918746 0.5901516113518932 0.3783117801811263 0.22215291025508654 0.3255037794453174 0.800624651041733 0.498379646691426 0.7182695795432045 0.15625853805605283 0.9131605350962119
0.428731306020138 0.05821085921407432 0.011492963549866397 0.0625353651587428 0.8054339702826054 0.6444760446640542 0.7201591623111848 0.407160601045766 0.2660527456124724 0.49502681100162527 0.3437175419279427 0.6772081907192026 0.13982814230807006 0.8391694224289468 0.5955175093684367 0.2843069965955153 0.5268319737475127 0.7268562813255425 0.6618220266809554 0.018694924093898502 0.8930315124379119 0.6467656919494613 0.6778282593976173 0.6618653535688434 0.8156437779578615
0.4322011360748538 0.3170397822932256 0.7456557905379618 0.8144163708007235 0.7310439664460376 0.14528014587855886 0.3082954758668778 0.13105799040810584 0.14871930304522307 0.350163055003593 0.6311687753819984 0.23832981414909782 0.41424359134436517 0.6691410801211232 0.40813638360933724 0.9461390752474502 0.2115457461509388 0.329290412935793 0.02800638108193243 0.37294595580384393 0.5354499314765004 0.8617224666894571 0.9137577744262767 0.9719006567254285 0.8701133600267879
0.5269704772962882 0.9097627981973593 0.15235193044086948 0.68265595404782 0.6036544490213069 0.6426756178380456 0.7084178083983564 0.522120323433074 0.9968754270724826 0.8173412817725767 0.8050920414908833 0.24225022049656275 0.17368191798446697 0.5473993184293414 0.5023924877414943 0.23022430409587258 0.7923615214816854 0.624498299081546 0.0664757882675513 0.45571570217979307 0.6614771599757793 0.69218960095074 0.41687713732654863 0.16461883458518345 0.9379187262571749
0.11196175168933142 0.5080047449962332 0.576600269922784 0.1567400339194951 0.24151304675887908 0.42059503941646204 0.46618201694512884 0.27497051167674713 0.8542003019075163 0.11014978362313066 0.8566586962162211 0.5798449007741858 0.9475772760252449 0.30589894858335365 0.6032368515514278 0.24311033266079163 0.9816315966195387 0.4131679298539047 0.36922862561092795 0.6690026939774664 0.5777391628212646 0.1409265164803799 0.5791966009683567 0.754904875599927 0.559172361321414
0.010612652371569498 0.8135304161313548 0.879912513091442 0.7633085204040239 0.7292400674150824 0.5301543006537935 0.47913072198821127 0.9045083127763563 0.02272493954156829 0.41080955932073393 0.21406185383465315 0.32628111157250683 0.7191516201377505 0.6832053059920195 0.39616980574163874 0.8770707529196339 0.5575956149497652 0.9885007307646428 0.3100836499949259 0.2176623478615759 0.48199989290809087 0.48917347965154534 0.6925657187887387 0.34238555979893115 0.6284227011834688
0.458497132738797 0.36452711802767546 0.17960102386184396 0.3575599324392299 0.3574759505375511 0.9811431670482528 0.6615939552986773 0.17081574223793272 0.044663121907517755 0.6792492657160017 0.7767560320632577 0.09927937839559253 0.7110728674111156 0.7377615335345202 0.3619590816802206 0.2950038680092244 0.8410144349624284 0.5356769222755982 0.4915573064219415 0.998490419904399 0.8784775376025208 0.9998296257312442 0.6174529990311723 0.8647834428839094 0.442748070013532
Radious = 
[2.2313388342114013, 1.759482153431287, 1.8704121199940384, 1.787148781011809, 2.489535100175662, 2.139117290581496, 2.1707298031190763, 2.020626320307305, 2.1117485765229023, 1.8098086232015875, 2.0454152353062205, 2.018787104243346, 2.2350337599086805, 1.501344522492339, 2.2649373212379276, 2.234318403344296, 2.198372631345362, 1.644244825261167, 2.0959729782307153, 1.719155092001833, 1.8519291458870428, 1.9999375279491847, 1.5976552602558418, 1.9790112008434573, 1.645739404539802] 
Solution = 
[0.15545353943974738, 0.22276663308176037, 0.413906376834308, 0.14315277119763425, 0.274186902573602, 0.3680390914781937, 0.257306294554402, 0.016172713117750592, 0.19157778630008393, 0.273792879045197, 0.6869636678410992, 0.3175295538212388, 0.20849124320791212, 0.4393554817792378, 0.3432620891840642, 0.6744852128943782, 0.8319564156801822, 0.7581461144405731, 0.7940024442455791, 0.9722091386968517, 0.8572130948666343, 0.3354238950327947, 0.8369309448280573, 0.33404649736305847, 0.9759629729969597]