Dimension = 
25 
Points = 
0.5251150841914813 0.04698843840972866 0.5489426995617668 0.41726788673119475 0.10465002023973557 0.7314401266767421 0.13029729555640468 0.27027425343849654 0.692999244546527 0.23986558932225488 0.9514029443253553 0.8038161033996324 0.03477872264169979 0.9310523464306409 0.16782188211332505 0.5746048796952232 0.246333387796573 0.7354132075057287 0.2127430862316152 0.3543828527842825 0.8548831387468451 0.6371739578092591 0.3332687082347423 0.8235246826449893 0.4614978400038712
0.7027202398776637 0.9604132450412273 0.12457194990719944 0.3646803943961745 0.07605761020963842 0.44691696869648867 0.362444081096564 0.20637613707253566 0.7619102661414855 0.47933541785019107 0.4526905974850499 0.290437023882433 0.5112440623119661 0.027491292734683426 0.15398120212029143 0.5700989280764982 0.688058849177461 0.31206998689715615 0.10024647497592165 0.5996053012249768 0.4919109296007521 0.852198273883583 0.3076471668134073 0.7227318003386756 0.706801337260273
0.4963478675326626 0.7624673267557417 0.9803852268997261 0.9971884545572467 0.6615815853169931 0.29807806367530654 0.6797431481070557 0.3840617751639198 0.6390650325696862 0.4218669294658812 0.8361186353874204 0.932919930178166 0.7524997796299064 0.617829173172228 0.12829986306330254 0.4655606426583788 0.7985063536693638 0.5818271032853248 0.24461833127492882 0.22375110700435308 0.5788270369123424 0.21640730277696596 0.27176078489751176 0.2376115119772435 0.4808817644164013
0.24483609714666976 0.49392110006006584 0.8760312969423623 0.4659974568691799 0.16815766554108447 0.3244700389543449 0.6085864159762465 0.6728880653089943 0.6938982573498951 0.4317971348592975 0.8523306822956542 0.026693391947357425 0.6809102383779637 0.48547602591970784 0.8949224192662792 0.8008336725167498 0.8277444211133378 0.8241522083787834 0.9184481806244076 0.06983064711526865 0.8116768157478981 0.38703200932615045 0.6009129537896728 0.3332993509630874 0.6936222316454431
0.06277814861544839 0.8375371843603605 0.9443122875886351 0.32508013425061366 0.9153877143911007 0.9283603499107351 0.4629793356436346 0.05830527254631512 0.6222363262103914 0.7435282180057121 0.7820400644151543 0.2198613135327646 0.4199454727277233 0.44488178838059544 0.021762076727795954 0.5836419091903994 0.9379223083559125 0.04022765138918816 0.27716631769531996 0.9226613826782126 0.9568215071925711 0.34730232713470277 0.3727016404324667 0.37957372520720256 0.45680289294540355
0.28866054913525796 0.834854954129314 0.08500060689594746 0.389514475202969 0.61539216978264 0.11595475461242877 0.9221518619878208 0.2967985564638156 0.755546846455658 0.4574732710332955 0.5253799902002977 0.06387679051308259 0.4485968621214804 0.08704678469897698 0.7204634670015118 0.6353436329512506 0.8904590708044561 0.39394982280420443 0.8902101900037913 0.25250572844135144 0.5497109375588057 0.8747481295343299 0.15626867441636683 0.46214434119065984 0.9579058879715936
0.7250958812645901 0.2635150949352669 0.701104544801847 0.23677354343750756 0.02086238398562612 0.35458331949137134 0.7132103384576721 0.5979233116752302 0.8754978261687097 0.8016189713126903 0.10235844407185046 0.36703763226399366 0.04592131301333002 0.3405908018802696 0.7889181333190305 0.23689197094553693 0.04177729211519898 0.3722721098593691 0.03369904388314615 0.9014981991232818 0.19805902490579086 0.9345079607296176 0.6489420615031817 0.5403908199727975 0.5543870775722833
0.5771865180297971 0.8644714310341436 0.9641812350379235 0.9011841591597506 0.21273709930149187 0.8746950930736319 0.21496030547736722 0.439397049223217 0.33698830251840106 0.10705345028934454 0.0037160472307948833 0.01930034053029761 0.28782946318378644 0.4949226377088195 0.031957235238230464 0.5096628917540235 0.559783328112424 0.48041871740586783 0.4200174871398302 0.20032656290514994 0.8966088442356114 0.7085790302614222 0.006558396349007789 0.9054710834645713 0.22371513879797267
0.5070355160002278 0.0824950414441481 0.25619169756566107 0.524689081968877 0.9072989579746726 0.756563743664666 0.4204709528916345 0.002659961335620964 0.2287707764801986 0.3587435456648407 0.06208733539850597 0.12623520048629022 0.3071575326062822 0.5138837737628422 0.5480046636571396 0.08309828608143122 0.39410568595104667 0.16489115628507012 0.3139545363106051 0.08681163445932438 0.09224015173108113 0.6805665342905463 0.5826798315941059 0.7185669885555019 0.8057502963115515
0.03747632048149363 0.40431997828917654 0.6297490750929258 0.9614962843707692 0.3572290544088774 0.6030346838537438 0.7130275016541323 0.9306932933858194 0.008838211525861839 0.5587306249754076 0.7445439192976464 0.6268264458759147 0.5182335713224897 0.0875711962338328 0.35532853274518794 0.11558700936921606 0.6809667696160442 0.9344922919008916 0.8231409762961808 0.4742150369424075 0.8726786285513317 0.44736654565470635 0.32260211767299996 0.8393156313836991 0.504301870646627
0.23234640057600564 0.12543735520977617 0.3707496353298537 0.2034928191166121 0.7179337712718269 0.8515328291077927 0.3027752172816516 0.04832767298269369 0.9977350034118437 0.708658452746522 0.5987750663026749 0.2650405901193297 0.5436676163895122 0.6134556056664883 0.6596866290148664 0.3824916270949429 0.115039725739848 0.15483747509724266 0.2938222968755926 0.4500697808422347 0.26442652645127407 0.41113363667506153 0.05320757298759626 0.11585721575642516 0.64173556739325
0.4316024586109817 0.02092748587697979 0.8654116860973712 0.3938905254146392 0.5867143679362676 0.5916203510873524 0.5959668763782107 0.8041326149019692 0.7939253043733852 0.9077953320726091 0.5302406667689153 0.664620965247496 0.7966063237307631 0.5309266896058205 0.7606361266424304 0.6421256886952481 0.16559747393758695 0.6614214824542598 0.8762801518888521 0.09408303237349447 0.8056073161166403 0.7894184503741737 0.6352783401790826 0.6354520074754865 0.3537599159113559
0.17035478526285786 0.6702263891455417 0.022724368455537602 0.37223623201817746 0.6920726403031942 0.13999197720027745 0.114161094625852 0.720999339521219 0.23743775524702881 0.6434680413116595 0.531772548954198 0.6799939838607141 0.19666807365667582 0.8453304611149048 0.6837228301455528 0.2891813510737503 0.7567072921377422 0.6734807555886553 0.35605927856658015 0.7351411010718295 0.5754643143145467 0.2969340342603448 0.9933826818973053 0.36097515274087844 0.1415309867127269
0.9627413243136623 0.1753037546649313 0.4992826651395036 0.3486508269991988 0.23199426177693283 0.10034961141155108 0.12609623341374077 0.4533879267632529 0.2440664649055322 0.13390642548033893 0.7224257394266785 0.588203813304072 0.9968139197841198 0.9374409744015068 0.9535473883804397 0.3274265002120911 0.7969725410559123 0.05599005878428098 0.5804813624176228 0.11392494810049725 0.12606386020051052 0.9453699681299773 0.9205870087214938 0.07857008047585523 0.014438871074088588
0.899040548322305 0.8328487958558679 0.7971780898969031 0.8432100852904998 0.10722176262104821 0.976252176763908 0.2954660804020469 0.8370773248395882 0.5657010387214148 0.977868760516118 0.5232546774187585 0.12261204212600207 0.10016206912528569 0.32705691394250735 0.8922187152397093 0.6065059782956511 0.8985238145890995 0.8032491199288917 0.4130612188830197 0.12537104036686764 0.18262472476588043 0.9285710210323925 0.5037633329796087 0.40153310030537737 0.3827505095995234
0.6736038516613896 0.09654651025271976 0.7310134052689312 0.7220541875100599 0.5209833778774492 0.8734179866317354 0.3806174116832426 0.6762060938051613 0.19321741995143515 0.1740782291990698 0.6813014900457578 0.18120251753223315 0.5925738862722544 0.431104959437036 0.7497439594997235 0.1938087175720431 0.858135021128477 0.838198197458605 0.13262447873981453 0.9770004397338199 0.666608034244525 0.39492890141466386 0.16591555222885612 0.7900780144623291 0.0469199004652775
0.8481579186215098 0.9872226424699673 0.7427513046802083 0.495941834650489 0.26340511670617095 0.3251824267412775 0.44990888125700323 0.40921645399533313 0.6616271020180895 0.6415440457864693 0.19937356092248626 0.009529502224665753 0.2900797973921495 0.5712715933574235 0.2693813447272263 0.05656133268437513 0.8894926141707263 0.9262625035709404 0.6845915186798346 0.7795536434214717 0.4743318519182135 0.812712993855531 0.8433676133415592 0.7538172819434863 0.8773652085044259
0.8053225571616234 0.9359181392391961 0.7635849806204235 0.6808902286096954 0.6896903341089362 0.0426549823535014 0.5528787566361627 0.41647940207829237 0.2649492423646974 0.4403948581199555 0.06231068908223958 0.31758779442220675 0.9553088321130796 0.17180846632949454 0.8030982432807147 0.8505517106054792 0.21229138710640094 0.44272080013285375 0.424242730693264 0.6032418470076196 0.2660461074540912 0.4695320801089047 0.08754937141602548 0.33561264132850976 0.509768191904499
0.6697976500162485 0.6352108971585237 0.42400977565499665 0.08922551965339132 0.029359806887343853 0.8754189993880632 0.3890432722581679 0.6959501040618603 0.889917646190874 0.128155909405416 0.7097349559647981 0.11149532293981257 0.048992517001137825 0.003365076366730002 0.5486363018622648 0.08727295242718702 0.9717574377447677 0.8645489883280453 0.7579625562077797 0.0054268759758697716 0.8301778040831786 0.6748370814571322 0.9200708115922175 0.1532095746796731 0.2838849001963446
0.3440923065802225 0.6111073042619127 0.3858298458016871 0.008415945623793664 0.8841387663626304 0.6068806578827145 0.08858427808558622 0.40884087559749505 0.0921569728039322 0.651887116448588 0.9660577776027143 0.9841355048799902 0.12109803977199307 0.3063945426249922 0.8421685231728078 0.6774272946559443 0.05475885392002189 0.11080767340384556 0.3399418962106189 0.683680193864918 0.9498741063789371 0.2730268957222338 0.6426980973151469 0.16138809377712482 0.749944117835086
0.13650999920694862 0.823397119968931 0.02822486236109001 0.30046013396557714 0.48831890309255876 0.5875617233471779 0.008065792152217477 0.2985071306530439 0.989329262855089 0.01588534401710051 0.4989105832868006 0.5754207705659332 0.2028686936936306 0.9569448286069657 0.9976610210694001 0.04902131613159 0.7062619324081436 0.6173490601929387 0.8998513057115198 0.40575776272406894 0.018559143872772688 0.3923431102371583 0.6596342030564959 0.5209291769903098 0.824415734452579
0.13274356787348618 0.5018332747338139 0.5877181311833397 0.7029137877095711 0.20148711236487526 0.4764208268305392 0.8071592173041116 0.03013628185382211 0.006565123439913889 0.4005479762529477 0.27871843365871607 0.042629734828094845 0.364060389464543 0.6227494550468536 0.3166314778126178 0.19846197939408883 0.7895371832880014 0.7222477589133 0.8632445829462992 0.6012193565050403 0.13586104749921324 0.5726762548447892 0.4889536459204785 0.42636271444683316 0.44459289662342316
0.5696790119621885 0.8804880049555143 0.0010102721351018529 0.10211557032119167 0.7474201752204374 0.5141136762261556 0.8169253558289449 0.49186251178742346 0.9844830926096044 0.3734932936134937 0.005025838234850921 0.9136155525916384 0.916554596712454 0.3891031352725982 0.937041038177118 0.4028631300511226 0.4991822063947112 0.4889251720350707 0.012419204869362543 0.9685987448487529 0.6959482287027386 0.9241571666319233 0.013488029631828269 0.37446232112564015 0.5016776388169171
0.1255875666494105 0.35389087747823034 0.34211321723727606 0.6406312540034494 0.027910740570588954 0.16707529890951123 0.7271967708575227 0.041159425620544976 0.4511058430915811 0.12971635336472231 0.6163253749185227 0.6533167695729539 0.5054597114864005 0.7945227559678533 0.561612443620164 0.954902482220377 0.8174855503837377 0.702540484003126 0.9539465550875426 0.9432842611000832 0.8804547817866588 0.23319466723469828 0.7955430505640123 0.5450979270729057 0.2948763344636607
0.8309374735596957 0.491619444226298 0.31245800606355933 0.012145634270815164 0.7364366055533547 0.550118430699456 0.19290014495279073 0.35112322708230526 0.6896154869027769 0.2428101035872784 0.6656355877978458 0.253055327116282 0.01687967039767735 0.5154670640428992 0.06526878380186962 0.40492857819891204 0.8523309399489237 0.02808282227205805 0.15329254492120736 0.3562181020240571 0.7258490075512183 0.23491563297610374 0.7560604191583523 0.5892910014153504 0.8916728718232702
Radious = 
[2.0180293684339503, 2.0895123021470283, 1.953831587124923, 1.8689960372138812, 2.194782760343927, 1.8938961087424964, 2.007858256561476, 2.171703594277195, 1.4799753715958668, 1.8075108668816422, 1.963988385552003, 1.8816942277427222, 1.9058416956032243, 2.256406619160534, 1.6280481287835364, 1.9095965497270786, 1.8757769389023566, 2.210616250239914, 2.1166184848698877, 2.152566058095869, 1.976211590354269, 1.714773038354539, 2.3983485456352525, 2.3382488776377985, 1.798036192539885] 
Solution = 
[0.5806008230360822, 0.3739400419189184, 0.4439162215156559, 0.5926771205501121, 0.7040104452098185, 0.9130033820742002, 0.9148907007827892, 0.7873096769802138, 0.14522627537270894, 0.7449784033180457, 0.6582426021256341, 0.3080699686863062, 0.05396120948634098, 0.8475090458982911, 0.7502361410187957, 0.2506200942470441, 0.8272803199742745, 0.4837772690901738, 0.368807624597035, 0.038570663069060984, 0.17667351927440533, 0.5356974329675499, 0.5712684392866867, 0.7148786807353449, 0.9549637032649192]