Dimension = 
25 
Points = 
0.7397128328064861 0.38566007114996714 0.29924479770148027 0.5871137904613624 0.6039960571455995 0.8511096654200094 0.5537622412733993 0.13796427343548578 0.652510240413303 0.04143402319365541 0.5115035731638157 0.21631231843764698 0.9878693545764774 0.7118754174073992 0.052422542500270675 0.7993011683637119 0.8492899272390603 0.35400565553203356 0.4846164170562193 0.144854611404986 0.20885326485355438 0.6557778293392441 0.013157892006798066 0.5802045973386393 0.5793572869213557
0.7517702159479462 0.5977860926068442 0.09929804940590203 0.5559431846469635 0.5850520251818918 0.0761545741602323 0.8633581843054807 0.8380073085850106 0.2864011744279127 0.5824263242625708 0.8016003092060122 0.5467263742249596 0.9590826083672934 0.2703245127980137 0.6248392998986673 0.29691243005935763 0.6838147312748887 0.0363794537544192 0.13237793616559423 0.9062860784804428 0.044038028687531816 0.3156436826525767 0.6233197616336318 0.6730834764698816 0.8136356598605597
0.10477095248718094 0.827391547964909 0.7180527618758897 0.9433551913388195 0.11021359362333327 0.9727602030446789 0.4784700997370518 0.8670395816951438 0.01465295249977061 0.7965800531296637 0.3822106930945762 0.5069289390750535 0.1616411201058785 0.8791403499106977 0.07610112937911462 0.9608667349854908 0.6915550128883468 0.12952657586024674 0.08355454006905083 0.6373625273853261 0.6732153230072121 0.22069400124140148 0.5661639631098895 0.11978970538110834 0.14224866526862012
0.19716084015718816 0.7926998460776886 0.5700796795068859 0.4920283208360744 0.3991618363785995 0.7310438420258506 0.4162293768333881 0.5281390521619646 0.5597415239288572 0.02110380931672806 0.7894430515204589 0.4493696393525046 0.07136905358855317 0.7160268158404915 0.16933115093784368 0.07890570237764805 0.7958273085657783 0.9187013348516462 0.5797253943661955 0.21340794113653205 0.22953425170985997 0.7268447476947344 0.9701890646553174 0.10616242600104053 0.940262772670729
0.5272424704339986 0.04952225349940609 0.7368395007788624 0.4186120868698294 0.7108097874868792 0.5240807469339018 0.39916046295541163 0.6013840916697909 0.28256661321180343 0.3044829330298502 0.025059530204149194 0.3059601486757655 0.06577763897185751 0.46514172374772145 0.9580522811570296 0.9720706431847657 0.3766753938880294 0.0929163378304999 0.24782293679888 0.3667926090337854 0.10599874429547396 0.04073030066045891 0.6181559778379472 0.9362113157516232 0.3251523082434232
0.41726333476362654 0.14736323704960186 0.7684301149231235 0.061303152392249705 0.04042692187711017 0.5240164846616571 0.6584695074419423 0.8653036014983205 0.08378624356359565 0.6791388932766897 0.25133937431716025 0.8405430455854124 0.2781152504845392 0.3323199609565032 0.8649041407545008 0.8883770855470552 0.7661953600218633 0.29896476844129827 0.9829060697348925 0.7526702922586466 0.7933087318883492 0.7271065053935978 0.28342590096967557 0.26683853897869536 0.29699184077243046
0.5451521598001876 0.7418878787317841 0.3755777712660021 0.9990437703518096 0.6501292064022258 0.2816127099683795 0.7130075491015309 0.23276313639849455 0.9297378191087583 0.6064275818242767 0.9635409271175466 0.8056500810497512 0.9254935036844785 0.9873181528342947 0.4278303121227356 0.35521198694196454 0.34550461396494714 0.1625624852475136 0.7673233768090356 0.7040833557202767 0.35935921366712076 0.06342858143697405 0.3383011137654598 0.7054978659968076 0.4755755234865461
0.7153038406179238 0.26113154157743235 0.7991897968417776 0.018005423131013387 0.5504790538111948 0.04073057813644765 0.10810643334998127 0.17255254767359285 0.6663953998621162 0.6634732491491864 0.2452012588643676 0.2713698312505384 0.7341572147922092 0.8219249922495332 0.9185224387633009 0.7121115198410418 0.1838467076789233 0.2841182011591975 0.2631540225919208 0.508177687064096 0.9822807660718978 0.29982533963586444 0.3929622520289048 0.0684426261457175 0.8635908093289537
0.7334234051076316 0.842044946859109 0.6516197561073922 0.6460727507005462 0.41392263091911197 0.7347287246481111 0.3733849941721469 0.07218162107451043 0.6686969578004259 0.6198594921991742 0.12378615541813964 0.7540454415915632 0.7784034717682021 0.9148708911710651 0.4700153677928315 0.9380556606361491 0.7471183291016709 0.6798546705697432 0.41961987381752064 0.4249966814195876 0.9278532451780771 0.21062148679853232 0.8829937079227516 0.013314498246560391 0.6764550031747083
0.8762614711839419 0.13827470981710432 0.3424997472533814 0.6362040600638693 0.9205756525741519 0.6765749010423493 0.21639208927548081 0.7393085067966874 0.6563926532076718 0.17944500512790296 0.977787230220943 0.23210043444603146 0.8495271696712448 0.4220655133904627 0.22765029245833002 0.4147007226234558 0.898729404902786 0.5564254136395276 0.9749645608382868 0.23954394905209953 0.1909802165612714 0.5983486761779087 0.13125358295073863 0.28640524785920496 0.9043259765966618
0.9528905003377727 0.28911208284105694 0.8794353787175083 0.6196659893497655 0.3023335236085374 0.9520194712395948 0.2478864397321381 0.07654566501762472 0.3453534492199427 0.9152514909386744 0.44522939910934967 0.9840770803346053 0.23920470767679092 0.1955926332359903 0.19989709092983943 0.44763815852583977 0.6274347335673485 0.38521932250012925 0.24990373364721685 0.18052380050726013 0.18710435863260277 0.4960174612573328 0.06713916346748205 0.3419204097763874 0.7130121446101799
0.5432870158494585 0.48782681846084297 0.9924576381698211 0.8640476916552144 0.8563068119808341 0.08126775010059928 0.9478109909709799 0.2704616003541973 0.8685596579903655 0.15766165882781102 0.5445009907673801 0.7878356191164199 0.31109660110099424 0.3460476709097524 0.3125549733608457 0.2454076561135392 0.16969473740416186 0.9632336445526939 0.6479330867046366 0.0437486360313738 0.41254646826487074 0.7349840293348082 0.24145692751067416 0.9414559287104395 0.9447900987455413
0.572934407214714 0.31923791213216324 0.4411324169561356 0.8210350177813777 0.885367046410524 0.35748443425264986 0.491332265739828 0.86472025187301 0.4275092106350705 0.26142181367834005 0.6875028591234941 0.5716498369123573 0.9512627182923551 0.8080956483148762 0.9018639878781183 0.3695897867363962 0.9610823167455218 0.5749143829125379 0.5279333124308477 0.21791631729196692 0.35389760318280905 0.834835161130626 0.6196848775224787 0.0700945779783706 0.7239266139323596
0.32814823268302507 0.05475384140413864 0.49308698348268076 0.7508879964726572 0.573206020615421 0.944849622218353 0.47585342046269397 0.6304798118608033 0.42973687906006797 0.12830871161630408 0.2719609622346051 0.9294181402824924 0.6143961029018321 0.8810126045290753 0.9999186815653119 0.8319076792851698 0.8439874189379405 0.1718540317547519 0.015017249816609568 0.14558267378932233 0.061041805414991934 0.732701797044968 0.7761815380750475 0.15531976231288924 0.3659267338805574
0.0476933902235015 0.5746936126750274 0.8672450608251003 0.26054718889045514 0.7956157776220258 0.3613231408649801 0.7115011228676106 0.18153322461676447 0.5024496690160611 0.7402291386293579 0.020591258938793433 0.050602668279202234 0.693586051760238 0.8996262853712078 0.4107292870497513 0.4285755283148326 0.5037443545068796 0.5419432022383672 0.9916438534152275 0.2745113793031688 0.762084526697479 0.41641795918163316 0.6747945469494554 0.9560952959253306 0.7309235298619267
0.3019325710063787 0.972789318489518 0.06736078064642281 0.37035167611098085 0.8666925366250567 0.0028364944561990457 0.8464507507780176 0.42679160821627293 0.6957985606629878 0.4392628378542365 0.7705141760567544 0.37148469011263396 0.9818360993683587 0.7233944945058526 0.5628079732538354 0.43375426019333463 0.7397761410766679 0.28001689213721015 0.721760821346903 0.4020264789025363 0.40182810413051395 0.13725429270948764 0.0343109628828685 0.7449927424184493 0.2975473529883228
0.7548177876986825 0.5059561684631901 0.20673944151760748 0.4505662275861304 0.7540338201032702 0.15773734231870606 0.7287186316140545 0.823082865637471 0.32488500441596335 0.1318078656681091 0.5847822956192932 0.9157000959847564 0.1350956778510003 0.8447914972157332 0.8074298002504692 0.395861057562234 0.4285466125664661 0.25964976936992135 0.8166400613841315 0.32851044823363684 0.0487194997661512 0.2478549331328005 0.9984634010889896 0.30143332159580516 0.35924924689821003
0.83128581417358 0.2846299059184805 0.4484990033055627 0.7183909511796643 0.09436117832302371 0.3700566935554077 0.3683529304815817 0.49077045802566255 0.7384945403422839 0.631444713296418 0.05048935567178581 0.6282815761459477 0.2738282343043339 0.3773263470746844 0.14245427373046482 0.4829274013502455 0.46488130819640006 0.7042656686757338 0.21634586822741608 0.9566649675313018 0.5894704941564106 0.8414213732046747 0.19282537590070137 0.6692794669534318 0.23227911547682778
0.2949482233130162 0.347728293190001 0.4109064241009782 0.7426724132145668 0.3030223463212648 0.11391715233666266 0.7629003598661787 0.18373069834762623 0.6166771510375718 0.4193320225299333 0.28880768841577276 0.9115910240004769 0.8611191413186722 0.12323574832181872 0.5614334377873025 0.4730965827091719 0.43734500029992507 0.02296724739766476 0.13043879423103177 0.2571941836618217 0.0666388037397252 0.7143785537674872 0.5352696644913073 0.9086828869455938 0.08342034041331903
0.22027310752875062 0.7747434703918211 0.0006344489656674446 0.7406485922772421 0.6359354405530017 0.46671384833690366 0.48266192713876666 0.18745354542882098 0.6208152863683051 0.7273147272633322 0.10807870850993118 0.4854465154249875 0.5827531903045611 0.1480192024147544 0.595503876607898 0.1583129896338784 0.4271610937429665 0.9066036796045659 0.9732280507292351 0.9869733274988737 0.7933713902259079 0.21559212262343486 0.5521607514492778 0.8248299977641382 0.14059936223369962
0.22192756142981573 0.8878351344414448 0.45156005663334453 0.8860665137926066 0.06343139865768932 0.6722464689060657 0.9441340664037744 0.08899315113538397 0.7026929989527293 0.6992284762486684 0.46861205600555755 0.5160982106717938 0.12672252578616094 0.9125678435755407 0.7967477065118838 0.49854098068068753 0.3008218120752919 0.4292071012437688 0.5333853465625547 0.801481586050205 0.9702732462764426 0.10073838884887276 0.756642180206008 0.11831044199152163 0.7814421909987068
0.7830045340917515 0.48574617332349346 0.2673054064359043 0.4100490155411798 0.8300806043885347 0.8457746288430307 0.8275306284200903 0.9318743754268173 0.43207767419784404 0.5165341849532464 0.2550724658755319 0.5817300804351915 0.4777628388565388 0.700550466102728 0.35192576697606914 0.5881338863022245 0.0018786017090112184 0.3911220758886981 0.2180817339597778 0.18782897518189745 0.6973770595577123 0.25607157769491007 0.9981168765572231 0.7306646097097609 0.1298073825034053
0.011377607841815185 0.9471966691485966 0.17344933752179925 0.3501218422310681 0.5073997112602383 0.7265620759113165 0.7705734459130195 0.8108598843234015 0.356713878195984 0.16380001895663576 0.14725699742223963 0.06234462944694441 0.37416276549655514 0.009750593831687082 0.6787953951419585 0.9935302123869616 0.44584291004422205 0.7375012120187022 0.23867640805416912 0.2910419175797039 0.46845604596563395 0.9703315038106678 0.7399145639178584 0.5515285630948685 0.47932379880061193
0.10246126703109093 0.013271091479293284 0.9583028033074057 0.5460037854413228 0.2815466509854857 0.5627300016613623 0.2816418152601965 0.4366206454066155 0.5627922735049752 0.6071661189842682 0.08727047163068091 0.5122332009259802 0.983369984489516 0.6736637075023937 0.20385737886262878 0.12275155126146331 0.6823509293560835 0.33849795454295506 0.9117560556658265 0.5751528395695357 0.3184926704890766 0.8031160406900854 0.623702092019932 0.008168642980167284 0.7176874998442718
0.8957167460787733 0.8836558444475096 0.5110773614002516 0.5034444943014995 0.28380100106944417 0.7498521035869483 0.2933051334943445 0.9099550471945993 0.3120602029208359 0.2514283474714456 0.4770115030189277 0.4775810101749117 0.7274522907403309 0.8218749450813645 0.21695236336237522 0.08737607806000458 0.9809360888504919 0.5210626058827587 0.38292306152621625 0.05532443664465614 0.8776726794153155 0.1531502942722216 0.1754803492980992 0.07327902625356153 0.14854267442793223
Radious = 
[2.276961340329953, 2.2604568968288388, 2.459148604442842, 2.191036127870673, 2.198900039187204, 2.0000348932841185, 2.3483049572337262, 2.0024751354821104, 2.165677663964822, 2.322383478263374, 1.8851476211852862, 2.132362152208729, 2.078248193841548, 2.2363861220338648, 2.2932501047362615, 2.056180967746047, 2.2295260069915837, 1.8776680406279627, 1.9106570053846026, 2.241620840015082, 2.3401067842843695, 2.321915802197192, 2.115881288783885, 2.1437129260703105, 2.0256281271307164] 
Solution = 
[0.43741017100136736, 0.6608768769849058, 0.8167971020000395, 0.0556500929333712, 0.13288011151503165, 0.09939409641841312, 0.4767175409591975, 0.6013796750229013, 0.9865088175975834, 0.8976740788416282, 0.3678057417919749, 0.6403599808800919, 0.4412258106776136, 0.11689650607388924, 0.8851915853376097, 0.3809226602126967, 0.6891774407874203, 0.9366756566130375, 0.18076807710218268, 0.00980334103683922, 0.14114878070273618, 0.4539664812093046, 0.05483974366179112, 0.13293943909458483, 0.16697185024912187]