Dimension = 
25 
Points = 
0.0916392040412114 0.45432055375721314 0.7283760574185857 0.3453996272666672 0.4478441947573044 0.7685199316556093 0.3991365304909825 0.2901630091138139 0.5170240657896334 0.898816392848526 0.736642343111877 0.7386827988672132 0.12839424400619615 0.05871781373566676 0.4174590860220776 0.04139853777348801 0.02638282206689646 0.29392220594063234 0.03699469964584301 0.3733704202775934 0.26640704648108704 0.12156319204462573 0.7039781688893505 0.5441178019357971 0.6073953145043258
0.6785130519990253 0.6583288951159452 0.5625805933075495 0.4278356811114128 0.29303843521644934 0.12612251601330826 0.8068007647868638 0.9188576850781659 0.8446116738059624 0.7556930097210863 0.060831275535299656 0.95052688842052 0.6501225993789482 0.4618290103395929 0.6488512474752361 0.31930078842087495 0.311679954247711 0.2304827241232893 0.9177739295535966 0.28685147959808877 0.7243587466931072 0.23742178583877926 0.763537767960533 0.38251734052051634 0.9333321982738876
0.8208988908153544 0.2911915076526065 0.20513536177807845 0.22764303715213374 0.38930781509110157 0.30972732997568964 0.3240403005689191 0.045172058575498664 0.9113698694239264 0.0773156617159767 0.8531244594611249 0.9747985355289372 0.345174102202369 0.2175782382255731 0.5449991544232409 0.4301278277760022 0.4977827056257442 0.4799654385784027 0.827526948809735 0.9364444619117339 0.9930748423114886 0.24349456572651362 0.6451829302638313 0.8364624935833137 0.7973539148024105
0.01949144734971242 0.4744604669450264 0.9812405853194837 0.732313375857968 0.10470399038052913 0.5929975061486327 0.6124488348819576 0.6905297435466586 0.7629525353560407 0.9088533059755604 0.8208761322358659 0.903538950025499 0.8036489487586617 0.033147371613637344 0.96237259025691 0.7603757146888991 0.18267887930710613 0.8616312375467289 0.5983914868906812 0.12656835991217674 0.5009558740990202 0.8266503634160879 0.48528588608555645 0.29350816221341225 0.2676361011385885
0.5231832175039035 0.760235555648614 0.060833398949677986 0.0230968723329118 0.9655593518397813 0.47600495227306305 0.4751373939293836 0.7480786830284153 0.7487143915730805 0.48722026244264516 0.431924118963677 0.06933146867702211 0.17583757367625596 0.274431783985323 0.212401893025025 0.057655120918499225 0.7777274159320688 0.23553780906960242 0.6535536644420407 0.7372903584535493 0.9052390360880341 0.06254444518527158 0.238911761935106 0.9865579281271174 0.8976715029954263
0.27139534149503886 0.09614144226468524 0.28176548093955067 0.263727586743445 0.6414047323867174 0.8029323349090604 0.66057929162394 0.4185192633931496 0.5622498208741321 0.5610293983373372 0.6893744703554865 0.8159321439295323 0.5432042723187764 0.1983526792765734 0.9196581939352709 0.16048494931728474 0.900065325564044 0.1921644405562325 0.7773418754149012 0.35308863909114196 0.9089129782926914 0.19336201277714382 0.037986193061234075 0.6176556580601043 0.7376012832576876
0.7492793452524283 0.8978881614976436 0.28192588160843934 0.586722551505535 0.6091430827640889 0.6304566278336232 0.4779925758676574 0.9271015575484737 0.03726674201127467 0.6661495793815034 0.03941010189807492 0.3595540031002632 0.3959996720269997 0.09391723644684669 0.3505675061830932 0.06853696504205764 0.7291981145440488 0.418410745837963 0.3380599869693318 0.661977043238474 0.6288985175296834 0.4342749405379436 0.5084638760116942 0.07895575041938441 0.8146172246500516
0.7021205034284642 0.3946251177244293 0.8517268364004659 0.8970363305698885 0.18839979755743064 0.5809468369595606 0.4546876690796864 0.16601157798755728 0.4041265149043757 0.43324601198403967 0.8331319052750644 0.7589020062423131 0.4763228934883542 0.25071905062759037 0.2673625170175873 0.9484306134488599 0.36973376464403174 0.5458266285817529 0.7888804997900981 0.33474679439032784 0.32404286821993233 0.33336644165493867 0.6771691588658 0.21902768957203245 0.9992570958194824
0.07314021081478506 0.48966323463166506 0.33356984103342624 0.6995699658339628 0.5436235161233116 0.1013759085959558 0.9568076839554113 0.18442352507732784 0.5156863906403624 0.09027008359420141 0.5800543995371497 0.34491849693643073 0.837217621094808 0.7410647296863282 0.6448925998849071 0.009640358803864935 0.5631141587536238 0.09183356258521447 0.7505756590867496 0.17470066106655613 0.9265751837295371 0.5732527800936638 0.2094347915887942 0.8357303951898486 0.6453785502014907
0.07065830184787658 0.47348246782448267 0.35317662196244126 0.6513682231011726 0.7866343499276665 0.9100048165760669 0.6940371238605065 0.7042947827618221 0.20408145790599186 0.15220161746853222 0.47215311854925823 0.2788479656368904 0.48414934312573144 0.3457836815365841 0.7856152487066512 0.7047074262072767 0.7033164106737039 0.8543463319340903 0.22695432216647193 0.010632265948034014 0.9493312529183229 0.6120470980176167 0.770211638557675 0.6839247355142194 0.8924818085955301
0.49883454977082864 0.07810649362442845 0.07225673830714563 0.14346504947945848 0.5920693070763086 0.5798111291197624 0.40504306197157847 0.3414618986558864 0.2624257472441456 0.24847631793116898 0.6092993158060405 0.21975522896350486 0.9509366968620655 0.9785004761748662 0.2685133993527099 0.9109744980409075 0.08403741124043074 0.8233288663116409 0.15901502460937245 0.3441032543393112 0.11015597369097652 0.2962748862771839 0.024864443629164845 0.15117805958036556 0.18274670450511887
0.5462293754013939 0.5996934175231755 0.2705926013367702 0.29320991496391136 0.6500531110260296 0.5594973827323363 0.6085577087570126 0.7726564509997565 0.9337549130492773 0.20309985340564463 0.3936381350778061 0.8401691845025456 0.0795313793068505 0.7825801058977525 0.2366279014918431 0.05096113438859151 0.9288900447872189 0.011640927121379985 0.1676306633188278 0.8112327765115942 0.5104496070877076 0.19701706653780726 0.23989454256588016 0.8772110477174594 0.7982723152861628
0.6120756954342427 0.6222637114130235 0.7127574216944954 0.09718502763312986 0.6190695223676368 0.593396634517818 0.3364338194382268 0.11386659221775497 0.9218944925647993 0.4806800328071593 0.9901555577012596 0.9940351017266603 0.4117201384296352 0.23322794527519475 0.8776933983736674 0.7303341228173986 0.2461277216640947 0.292926287795106 0.9866424858736106 0.7560906006348098 0.596542642526831 0.9719512581173004 0.06420075785704094 0.3742238680260219 0.71352634829247
0.9487768212289435 0.39343395934552716 0.20609556980663657 0.23377468855939543 0.6646992750455503 0.7647723647571516 0.7553676456170256 0.42994441676105555 0.6378743445234689 0.48139681526401157 0.7197606981486436 0.9209384870207956 0.5118147208706177 0.11128463267245325 0.19049173345463966 0.056196265920509525 0.5238157272281361 0.3381209017782216 0.9143655027467644 0.3443640147107202 0.09743616776181607 0.9712873417906648 0.3076926539778134 0.14441212570648232 0.19871773110577895
0.6001614414172012 0.6929877856458352 0.6172140802132726 0.1287546653141971 0.9349738230112072 0.11656251440556809 0.1225595547988727 0.8946157091271313 0.7184797678206297 0.5890179925074045 0.6649953566097817 0.1643170340218909 0.018253086835348653 0.991294754153317 0.8177390817480833 0.9219418258902238 0.061219291137245 0.42373059764085286 0.629937179597282 0.7978027178258725 0.7741225778286851 0.9791866230257146 0.26088840939121327 0.22613800690863817 0.08696852335570693
0.5228219815982266 0.5989144165944718 0.32002628089825924 0.47586145203360186 0.4890764638295714 0.1437398430758965 0.5947559820298056 0.6698496448825617 0.817347213706199 0.760103566470041 0.30563571674164547 0.1268140662117644 0.11232420683145539 0.47417291628891267 0.31423403161699026 0.7410148813619195 0.6129793212685254 0.9567478896227013 0.49082314740839794 0.7280250371452343 0.13883429214604437 0.8975326268533503 0.4347885984187799 0.13768639820962836 0.5945068985863335
0.7002913039236521 0.672609495717617 0.13576361654071156 0.7746918115277354 0.1675761379021138 0.23848211226258764 0.06830220078306781 0.46987246429966867 0.07095960567068882 0.49596774039765 0.24349597966638625 0.7605330570688871 0.6453538814829144 0.17759150415590774 0.5281725538392775 0.614779758940397 0.00034752558553607926 0.6318741272511913 0.7952414698207254 0.48782059039373404 0.4710966845817721 0.5898866132958438 0.8239925484144706 0.8407526583293139 0.4012331310563404
0.9763155943033762 0.3861840053523533 0.4047929093979983 0.6803852051586249 0.03143427262876519 0.5375141439333462 0.8964050009863483 0.3216329626871436 0.03213103833614983 0.38918850659062154 0.07526619718295013 0.9790778609102522 0.9198881978056884 0.30736906129957153 0.6756527161168376 0.8833053134374709 0.16424740977790553 0.7229679812106811 0.6455532379854767 0.2617062631036722 0.7901690512556075 0.06098665850995422 0.25542470823590835 0.8829830431641972 0.2688197147678846
0.7277852717643822 0.0002601796812216062 0.7115314661389782 0.038376278631085725 0.3280489434468282 0.34063237043803196 0.9419401451052678 0.41555306355135246 0.27909222143234 0.5139593503800174 0.5678440858497105 0.35531382018383784 0.9552589304409678 0.4411646140908322 0.6127951622629618 0.17299973329835072 0.28244802284621484 0.6744734806188976 0.8589304760453874 0.2043513036576331 0.27402647861102825 0.30840619602507613 0.8794701256450353 0.6305758597907148 0.1966894673459555
0.9861333294414917 0.7074813160620568 0.741726093048118 0.27779700386223194 0.35547765169463863 0.23520559021205534 0.4760256016667448 0.37784284134707025 0.6652001988176821 0.40475051796257977 0.822611857443508 0.3119891424408465 0.5913690034815209 0.5108559515781684 0.26268247607453243 0.8930494485005837 0.3705065906658447 0.7216915716541473 0.10637064588200673 0.4327111303852238 0.11328443093533369 0.3175230356603007 0.010582338981369288 0.6439364570220563 0.36059137972095867
0.69513680327373 0.3738783392156002 0.48550107629436456 0.13622679181175845 0.141059918954465 0.952454361182526 0.5868015302480492 0.9627363321051245 0.7094409148337364 0.6574874694204909 0.10351589989480747 0.6922734662009871 0.8116472863375389 0.22247697709034175 0.11759250837051238 0.09908459446908058 0.18029024844327712 0.03242477331989091 0.13195116165619003 0.40163858061004687 0.4129903645701488 0.17047832376007122 0.2602524652419804 0.27088999364275956 0.6682522657924463
0.1302337221889851 0.4088428594118938 0.23359718077771585 0.7781177148289854 0.5574484743489837 0.19621435694206946 0.7544878206846306 0.4349166789941943 0.40083559343156727 0.23433257967839138 0.8830113068309009 0.7872711521196527 0.7468880786148959 0.8842834660837215 0.47159091750748416 0.9832373558827618 0.5650688469578236 0.7357789834574774 0.04152738509002485 0.885707735127477 0.4054851350801316 0.3808386514708769 0.38494470481241627 0.04253829972437928 0.8897931270497857
0.6238938992400802 0.39477299877713445 0.06041311963528018 0.1687775836261881 0.46197923206941105 0.8005393213679911 0.18733731859850755 0.7294858279143355 0.6917782924043334 0.7368850976085604 0.7129611316055 0.03844634683005155 0.350651604569336 0.9975364187127855 0.8011166950865937 0.5719069151256709 0.8006210751993645 0.6870404355351731 0.36732016029150594 0.13705101466171465 0.6291522892551215 0.9544460536748084 0.7291471580587924 0.994819068237391 0.7426520869505948
0.9557869994344557 0.9404899495425122 0.7342947107073361 0.12929286426508635 0.6970679600781469 0.682764461962915 0.17903230363375022 0.7904423289905966 0.7189189595562363 0.05369512516365571 0.3597112897258653 0.03885020009992035 0.40859179086391284 0.8899562660837442 0.488212795586042 0.5213795644017399 0.895816950792529 0.2712524313936401 0.8290563738312244 0.30411282692602515 0.06471279794149132 0.11994531575262268 0.4394288782607201 0.03743437449389242 0.8809407634485719
0.7885814675533286 0.8919140050119595 0.9417392780373647 0.6080750045747845 0.8874908599924729 0.43827994357674804 0.3738464326044669 0.11879516429426118 0.1276447262138184 0.3587816419685992 0.615544741666728 0.12238050746706619 0.6801330476703441 0.006345026903528672 0.9751795458265566 0.14040119047585797 0.20549971704417325 0.03799822001053077 0.6733542007684495 0.8608527243565252 0.17463272811866526 0.41917303849331333 0.278006120312813 0.19588712504412809 0.9282095893178103
Radious = 
[1.7038468618421958, 1.8785228966709584, 1.900481164728275, 2.4567376988652145, 1.9750201848911175, 1.9403751824662776, 1.7109225954991314, 1.6818727135663427, 2.0816493420647055, 2.131617633293255, 1.919535007203016, 1.6487480963764394, 1.9346870235259914, 1.8512418850065873, 2.2051563959205858, 2.008043520898345, 1.7661547954207648, 2.0967384999975365, 2.141801676074899, 1.8119597770100635, 1.8759608029806032, 1.7800110252328247, 2.278860507502383, 1.6644935819176443, 1.7591377659312224] 
Solution = 
[0.5990373753432819, 0.8826958474936506, 0.20750026911837238, 0.38128017973212724, 0.6753710568595911, 0.5382052816842612, 0.29427089747116364, 0.39934500771528847, 0.12317463778890281, 0.11357906986453303, 0.533675339688434, 0.9788946323947281, 0.11751410170317411, 0.708730331528808, 0.4491890198852738, 0.3710869994299536, 0.18278059465559449, 0.21533520125115202, 0.5465790539170524, 0.48623665057347676, 0.009041018459753802, 0.019188559873957733, 0.3416751184743839, 0.26030455679132514, 0.8667700580956859]