Dimension = 
25 
Points = 
0.7902062581274892 0.8165609789991084 0.6948840547661348 0.6050964143972706 0.23911333537163482 0.017210540786974482 0.19449666861195358 0.1570738895057976 0.3957503284652496 0.26843862944547126 0.7020959530418601 0.7739599824250265 0.5443351868526688 0.20284785036640107 0.31047640522909803 0.17392479530217742 0.6113136618256969 0.7639876215438031 0.6547374959478917 0.0918311514809026 0.6169158443100001 0.02856019260434295 0.7929934099234475 0.3352179582901448 0.33522090570618246
0.13904068945963544 0.7733946460507809 0.4387225166487979 0.852747236201035 0.6849548424227428 0.4680393043474824 0.19668609834153006 0.6830241516494961 0.9712870538890774 0.46500856535530033 0.11161676345779437 0.5001387999642537 0.22013366038215176 0.5541087423810585 0.8777547081087466 0.28546492227600273 0.6142171674055051 0.16250996446289956 0.7758805758773669 0.4570231384336403 0.9320721979778361 0.995483631296551 0.5134868966391933 0.09182895135637437 0.6644121353806931
0.7306417543368631 0.3647612222527373 0.08321467688956807 0.01822843032250321 0.8558641328466877 0.14703016345355713 0.3148337582758688 0.3194796696564576 0.1202163781499831 0.05645404648443797 0.32968366837636276 0.7634758521103923 0.06285023994151528 0.29915872755815875 0.11602308097739555 0.8558875030454165 0.43078635029777157 0.6503191532731329 0.28830715535052787 0.4518084993051814 0.4710522895264012 0.38951986119418147 0.8134229832616126 0.150530265805204 0.08445982109068584
0.8906144729387665 0.4513391991570015 0.38935168959096333 0.3877461723925065 0.8409693523389282 0.6002505463256884 0.42324794709990077 0.006695460843190282 0.6500820737827151 0.5913517861728571 0.8604396725743588 0.6665203300045035 0.3682499323968148 0.09869438869973635 0.6506230460282407 0.8282566125408928 0.19520784763665533 0.6260703870239511 0.057000509550476974 0.2288000076106902 0.2947135253634656 0.8036218889794773 0.554649600771754 0.26739166647870305 0.4403419951035836
0.5187501778707109 0.4948225341017185 0.9123315435308157 0.2872306986516774 0.9674485797762624 0.7001219652480236 0.6644204878848642 0.6242536983825252 0.22393232411556752 0.512187460996975 0.5348404872243245 0.5654314227318086 0.7485310024484705 0.8126094820750797 0.1509399958233114 0.6995207611949729 0.8404561748727578 0.9262110860107783 0.3910979160900301 0.6876045849094596 0.6288133315214298 0.8817176887814175 0.5055931097845145 0.7786301145008739 0.5932643614924255
0.19162301097079715 0.07874014548486552 0.23871675767014422 0.7771000355558433 0.7928768443112778 0.43223692226253374 0.3218278527262858 0.7893078918092636 0.979885617512082 0.6984195589931397 0.25777116631364694 0.11332739968398231 0.38463293074467664 0.8957852776814598 0.006399877735287052 0.8590981920979334 0.07898710976183798 0.7444515895330687 0.11525620729717612 0.7056172067498845 0.10404311273611644 0.5496383761267477 0.08993306155835101 0.24931748671406073 0.6323101800322378
0.5758276920930223 0.5600322316432411 0.145310429486169 0.9711377934110493 0.34981462124744533 0.014984147852790008 0.3902563701449322 0.6982698566037367 0.1856874169446766 0.4408798917797828 0.5033734386048297 0.375855555667169 0.528758576375151 0.013668948135997727 0.6352352699624543 0.9510779612771659 0.9587325609027894 0.6128014581663574 0.89151230865105 0.6571158010522156 0.32742976992489314 0.1945142004952194 0.7441954841316466 0.6751869530702125 0.660830691085951
0.1713644259978444 0.1270143124621318 0.14446968153814888 0.1180791980081598 0.9842771112737787 0.08023739294880083 0.33012262648565427 0.9942873010585329 0.9867408478603715 0.08902360983015323 0.22826135871553854 0.5332054884706112 0.35892189075286396 0.7574000312963066 0.4546992892075259 0.13993474366024672 0.813520532793667 0.6059074420211915 0.09065485891291558 0.99850804220115 0.9461961024084715 0.8372528098711605 0.7337863806259451 0.8686390189245072 0.9040314158316858
0.7473469539161729 0.6137932274306477 0.42449775292277037 0.33892315610123114 0.10543477966979775 0.5500118104491304 0.606925809116728 0.8930867610789411 0.7416851052146463 0.5476882753965561 0.6961407658549229 0.25321712881515035 0.1968084723308371 0.99750921987747 0.4739082776820951 0.9053628961883392 0.9112981353054534 0.027022254361785847 0.99036125219855 0.5071560096135646 0.018173429504247607 0.5835003759241917 0.8318284309363038 0.8671760134250668 0.6660792292528434
0.178537964476842 0.09856855477751048 0.9341347898643122 0.05715650460002775 0.7073904840835377 0.6044246415133001 0.588511213012876 0.2658165456447953 0.9413462238503725 0.38996609440306707 0.12580495186412566 0.8302385502555417 0.4756785860976198 0.12416848001817948 0.20249426371353085 0.3201028489250385 0.4015130448389964 0.6103961556640745 0.8388586002055991 0.2812393391858202 0.279157720728038 0.7384560057729872 0.07078979954502307 0.7757038435139142 0.5119358787830548
0.00019167290079402655 0.4801262473676988 0.9783747217871837 0.6180870394480247 0.4306744027403363 0.6474614004839638 0.8856002062473304 0.026549208049036266 0.3739557404853854 0.8012055595180868 0.2816035473113927 0.028579899540700393 0.11914548434025096 0.2857855006468064 0.3599011109423891 0.3447978440876206 0.6235889301020137 0.8838598252791032 0.5064898073024451 0.7211035390071386 0.2467446394283509 0.6096117939485485 0.24355948994122012 0.2637962657766004 0.1283562131546908
0.4887223708579612 0.5882745081402774 0.6044297040534863 0.362757475834928 0.809865499253456 0.1475258851596568 0.5314548682696882 0.8381177856563121 0.214209102204169 0.9865471613425588 0.03805937003007209 0.2165569346423667 0.6909644559563002 0.44542425827379706 0.20650295661317408 0.0198594984314604 0.017275985015255402 0.46302723377315835 0.05883815205435694 0.766075806328736 0.8934129660922794 0.9094444650969957 0.023383014758866616 0.2420372952148474 0.3214774758955915
0.7746839269005125 0.5604736020156869 0.08861618828265183 0.8160990426660456 0.025596400956593435 0.6137139068913984 0.3355144066245088 0.20196333764472685 0.7254867031960193 0.47981542074762207 0.8466288029104835 0.5084736976271738 0.13802251879462568 0.39716628641846796 0.6673894442812182 0.4564717352366734 0.20543512268163733 0.9116726557356625 0.8177220484708088 0.7362515604449501 0.3343724260024076 0.5252259132314219 0.5634325191652875 0.3422315720862362 0.28100672554647665
0.518893040392323 0.6516235278347449 0.9803306291982505 0.5156531132470623 0.0915419081122999 0.4992042499764391 0.22709118535361583 0.025822253358094405 0.5738017554036382 0.8414019011933149 0.32897272325393556 0.8412807374450318 0.9575890979720446 0.2438758748290033 0.20433156702014432 0.7037922870817537 0.3526405334508179 0.026959150381801522 0.9261770780807177 0.6354357789246715 0.6133139397908004 0.3191663659039826 0.3596137915657671 0.6819011296991249 0.6917597881322812
0.2784437286776644 0.5058060051244333 0.6152862241482234 0.10570330969029729 0.8839371173471892 0.534540188886238 0.7901674947042259 0.8215280370730909 0.9873400072154165 0.2324538054722155 0.593424504291353 0.06612484991892753 0.8574908365414602 0.3338527377321653 0.6562126766162748 0.3926731276209061 0.3097529643781045 0.3171121009329848 0.9324945978014049 0.6134022836384166 0.0017463150448576714 0.16536324255307078 0.9516806741105777 0.4061507975828995 0.4548922568690954
0.7715100182913766 0.5139633199042107 0.3127000649522068 0.00631591732286263 0.7883264945144773 0.47155987037764957 0.260012682074948 0.7554455014001323 0.49145385768259653 0.7778170909050948 0.9026411049131007 0.410902289287873 0.8580367105266941 0.491153856377868 0.837070306592082 0.03517792497166172 0.4521454721528817 0.25113962032339554 0.9447281097112922 0.5842475973316976 0.07805594329662657 0.15044832275110342 0.9352288307147637 0.49653522318396015 0.652769501547046
0.7939212268338148 0.6242173255654189 0.8631662286809494 0.4608051466439853 0.3080131704153618 0.5908452910176083 0.38394120616270344 0.6265273040035425 0.42671744777605536 0.5071570087924863 0.6795648978165277 0.8510932942710666 0.3947388537796551 0.2687374197711647 0.3123907386457805 0.47283065423200377 0.4202031540220197 0.9067921029541713 0.7786958652096035 0.42996185137516907 0.41750913447529536 0.5954420943159712 0.24613369794483342 0.6830355314219824 0.9152714619588032
0.16364479954791922 0.2667782783448469 0.6387135532118913 0.22527704504727042 0.41203335386382534 0.38658769013084604 0.9586416100061761 0.19749984392717346 0.020427676395913807 0.6270481729047604 0.39802800037105024 0.7708316189998926 0.7934046351599378 0.808965427920288 0.7031853705787968 0.8385383331661749 0.8549563949000044 0.10349294056343805 0.36077494774610697 0.4169394414673109 0.7991113646358803 0.28061888184623074 0.22901162144239773 0.5521806979619112 0.22508870293205974
0.3826906527056513 0.045279134451691294 0.18239278906680811 0.006025997887515233 0.8179998720887839 0.6864130365305289 0.9744497379664974 0.0960233041921773 0.5063365803361372 0.272182706638747 0.19856136637573119 0.5824440236309077 0.11702428711261492 0.7389933305256446 0.5576319124577694 0.7992024661472844 0.29505089118609185 0.40679916328783894 0.9665512000292177 0.43584302381770457 0.9999481329671667 0.9268788703781291 0.19838826866174664 0.4628828662427926 0.49392538106777917
0.9884397565943223 0.21663518767853407 0.8052177595803129 0.40833588363645135 0.948655141074489 0.04650947449901077 0.08641830496988778 0.5522627547323748 0.9606197537821082 0.7389827024012084 0.44118411821447956 0.15337412893371316 0.22930103435848037 0.6611751791593237 0.347726122874202 0.5178445395385628 0.5845505990064107 0.2789909737647982 0.12247282792445835 0.20561271908465062 0.2590359767974888 0.5473047781053116 0.6620999975722742 0.8456482268231998 0.7895879686628482
0.29976925020469913 0.6662600986344016 0.5051589590192486 0.19343082281152546 0.022644369902524164 0.5819812618328429 0.1474090791655701 0.08909067481756394 0.3769935053647734 0.8569940520149034 0.5073487364687741 0.9968610242327581 0.30375852100943423 0.4205021951882676 0.9912057690647853 0.697945337815713 0.6322774420991979 0.5319042319418137 0.11154317978958128 0.36091906380307825 0.192603247568906 0.6202264851499818 0.7329691154675598 0.48157506200631095 0.1547015838015401
0.12383080039090089 0.9785813876477023 0.2040958791318348 0.7231540147875886 0.36421465098115746 0.05516405701778426 0.7832665245871123 0.47218472601895645 0.9211943476163383 0.00616725657728856 0.7044829603755178 0.4753287145490772 0.16120384206155547 0.5837233897565955 0.18340194343908123 0.6689843108100463 0.3935402569893165 0.23086007136056141 0.2752696144606076 0.9563145485610419 0.2333022017293911 0.0073111529268149456 0.12621868403115777 0.13190849698398954 0.9425169146229148
0.3889199552815892 0.5159535179392627 0.39635167080579214 0.4912740939615312 0.11196661160049781 0.3844736828032592 0.4852542880379115 0.015836125228083642 0.542001891430361 0.2546643839650613 0.9949886985862323 0.8590323802120575 0.13479617849695968 0.16105602858120283 0.810382578932485 0.38598045621950094 0.3331422087178091 0.7221746218675883 0.056938731364115314 0.20168947131719794 0.5293001894753246 0.6077600598221159 0.3195141562417575 0.9758638028052866 0.2738083955432249
0.40272781973250926 0.3488889363770069 0.9817781391625711 0.05110486854851681 0.3664077304608775 0.06117177598683721 0.7651387856256804 0.028119665694916307 0.23532817969722153 0.21270725725125939 0.7536964552704908 0.682537667981633 0.22780988378765887 0.13073201124891076 0.135897885529214 0.19488688629780015 0.38059221008534505 0.7430547221576835 0.5749501347106545 0.7381126385246636 0.3783091062997739 0.7139013307957975 0.4097443401392141 0.35402165333884716 0.21493154911562795
0.6758302951289068 0.15890359399787468 0.3371745424875322 0.32499166495947274 0.18671594357338028 0.3335034916786711 0.3547484362211444 0.533146444185677 0.36232113284337664 0.22795277619011323 0.1483559524394884 0.5800429521797916 0.3079251400491969 0.6169389348017233 0.6257594862215211 0.5783023687723995 0.3906546781667517 0.1279676199146872 0.5848414161797763 0.075736508450166 0.2176319676440832 0.9699305693795235 0.6551404981763999 0.1814719751155741 0.5605866734594296
Radious = 
[1.783535760311495, 1.8877081717853121, 2.059439166313882, 1.6660009292202622, 1.68178285299567, 2.0457346043604754, 1.7953751322732814, 2.0598684476915885, 2.366084681129061, 1.9848462943413814, 2.1025318479837365, 2.061678199783835, 1.7654831886179954, 1.8284490391459267, 2.1681301137321958, 2.1403012651386035, 1.6748305385196929, 1.9961167711414314, 2.266602636706788, 1.9485631521983866, 1.9546483187561374, 2.319664767825046, 1.8473251295293576, 2.1014290059678156, 2.0561308114496475] 
Solution = 
[0.7885399214855736, 0.21118849804022666, 0.5756937278739838, 0.9710921312234, 0.6205110185183745, 0.7188633314773314, 0.09260936308388579, 0.5148933204166365, 0.8293898946879751, 0.39844045529394256, 0.5534855790251509, 0.692959617482589, 0.9783231317514031, 0.0954151169588916, 0.5274385190350531, 0.6034209197430839, 0.8108839414075146, 0.7303367624541597, 0.16640752258140112, 0.7627539682724909, 0.9354282551134122, 0.4987412721163541, 0.42492280422028705, 0.5155215999852459, 0.26395597254579317]