Dimension = 
25 
Points = 
0.7469094839009593 0.36179906918586957 0.5647350223388007 0.2857031546068144 0.143770197585681 0.008142994228519607 0.010519653076972335 0.9951047286553655 0.6501879566165116 0.7498908495252155 0.7715723152858774 0.8519723325830278 0.1588729089812908 0.8119996417881856 0.8898789259951886 0.7038046538642868 0.007903689213692333 0.5802843507417876 0.8189626972635393 0.5480010168425633 0.9681143711637079 0.5599857307066546 0.585210787852488 0.38484013231514647 0.7854222289599271
0.6437746748878965 0.7230641103348955 0.5105410010058012 0.2001687507067189 0.1909270864736795 0.4673147395517415 0.19828627220489936 0.3573748075653487 0.7574686572733114 0.19560515374770304 0.6620284605779695 0.031011452181984644 0.4199814421836594 0.7780778262606133 0.3360687030579089 0.8180224289626654 0.18737787647655146 0.4918120205746017 0.7296131767880665 0.18267434406710936 0.8452729469579635 0.7043980635708351 0.6893514809418555 0.5837561059977848 0.8777552020721273
0.45717357896559985 0.7948378903493565 0.5216065404079279 0.4353408555253835 0.9202841335150257 0.3306554348913302 0.5326859194807245 0.04615486525616863 0.29429071316389144 0.17952196504815965 0.24127197388362187 0.6868407142683679 0.10074797389801882 0.5494681858969855 0.91088248473156 0.7805234280169402 0.6756562346873924 0.3143129787149468 0.9289590855063199 0.0839285288967897 0.2265801369965036 0.08393336492538261 0.8541742104628954 0.3163727469236711 0.0729898707211224
0.6651905204817201 0.9368894654559705 0.6385839238157686 0.6757722260044192 0.5139798579003052 0.6440054311768628 0.8974917528851994 0.6521753705470473 0.7056139151035514 0.3865861982672172 0.41517439249401755 0.8260556978432787 0.14580996424728376 0.9877730015695559 0.10188105991750795 0.3304449541328217 0.3334792763148162 0.3410892687578103 0.532723458126798 0.6093477935988016 0.6831439804749722 0.6806930957249071 0.3283279572812722 0.40254936535044916 0.61469360357579
0.7251436147747756 0.5105752816811456 0.8608824345378303 0.5430149380803828 0.9727026003061439 0.971441530307071 0.9167894570958881 0.012835212148287978 0.362403795147487 0.6690248333268577 0.17870770413382442 0.7513096206460004 0.9145082995219614 0.09068700956442621 0.9441741994454601 0.5509233679562637 0.2494904177381222 0.6933003912352488 0.4039226824582077 0.6508674568974252 0.5545249098061141 0.38755549040445647 0.7851840040142222 0.09192914506042882 0.8798075681080768
0.9712782220211366 0.13202867614935443 0.5614189528945288 0.07291014935515827 0.9797458207823337 0.8877646137177849 0.5380387753682888 0.7773552981077094 0.7566148315347135 0.2847935686538531 0.6385100349635103 0.029988758607615185 0.8299878301474309 0.801086834180243 0.5097247758616769 0.027536676433378537 0.5114944655701992 0.7165343546427924 0.5903511458033471 0.5814731112077844 0.06728524980037653 0.3749296777847627 0.9909970006405424 0.14321839266772796 0.461900267748087
0.6827814612168414 0.9662042597500456 0.9239372359541758 0.07374661380881076 0.2968465801301342 0.2302893285151748 0.07352077809096824 0.7002890287208404 0.0824350957691905 0.6633093542232691 0.8185838192804104 0.1354324239424235 0.12756773786772224 0.6870564935229866 0.07562414917524418 0.8834288572692657 0.27739813722823503 0.29554278850596927 0.32276658495894706 0.7272387356227127 0.42238745251382037 0.592467513453831 0.48397539229856945 0.5545849837876503 0.4150144268740107
0.017329982306758862 0.774352279554313 0.8547019283851026 0.6311351426161252 0.4407592735464463 0.8492444369490305 0.3570860369320713 0.41630561045707504 0.8693459976105212 0.6180747804755763 0.5082382849096749 0.19220091573955844 0.1490267310973793 0.6670193684411437 0.44732850006878555 0.8573822678386042 0.08855915233787504 0.26734485797160146 0.620924280701777 0.948540296158644 0.2065910095439285 0.16847313791698015 0.7840401272335368 0.7320977233926783 0.23620276850749633
0.6900373197406487 0.25581970898337947 0.9916741193858943 0.7159748879575993 0.15292549571079717 0.38971194012007493 0.4537068141603946 0.48445674254281956 0.20689371785967348 0.5422182046513415 0.10335610310113286 0.13515685772758124 0.9325203654134364 0.6156129927794453 0.6392535058856522 0.18101177133122648 0.26819105205301463 0.5697074368594818 0.7724262959010196 0.5435643901509701 0.6182240429689542 0.3826214525346421 0.5471966978134026 0.1358818178395793 0.4679541721202535
0.06951080575488411 0.8239444118424971 0.8860484495476776 0.2848016820734728 0.902821923835122 0.5133311450548356 0.07626894586642174 0.7384658705027696 0.10860123825772383 0.12514213890218573 0.11988179187769399 0.06933865347924928 0.8075920447262592 0.7057573589178578 0.749184779326801 0.8343203336164157 0.647750028604564 0.06839348112598465 0.8127769933505581 0.16570223332571543 0.00023400120126537693 0.8825673346235611 0.6346456265029605 0.3943802131427169 0.7131925415807214
0.7642842486693601 0.5692270717738185 0.6158534177814581 0.97139786311062 0.17242086220829955 0.1940880934853345 0.04424036139082732 0.7195535717365295 0.8515856863828447 0.5197196211261786 0.6121989737166309 0.9980664696014035 0.4910468565883016 0.2500778058300932 0.8473297098881865 0.3621791414162573 0.7421443016964226 0.5830738771448519 0.3601148072642466 0.03588430188842484 0.6080732477751492 0.6761262209597694 0.6630807251562074 0.3458464625499067 0.9131891261708173
0.7187285932838329 0.5195804921399014 0.9635079287596156 0.6687608722538643 0.18772318260524912 0.8946266119101219 0.8120011269116025 0.8688851777504791 0.2956205571853424 0.2603743911306057 0.758643607565057 0.9499153124017814 0.6219889896006494 0.07768350302054483 0.9099009395777997 0.6910278151948864 0.9248391503064526 0.6208587633122415 0.9317407575704493 0.6930381495408692 0.5190297491322269 0.1329559602338618 0.4964470629674824 0.1842890784104365 0.11533890912596112
0.8564664895552088 0.2854673009267267 0.7169043835514721 0.6325953884758329 0.6177713776838853 0.5389586268400773 0.30565647343409963 0.2746139632704324 0.9809718831677625 0.2575932683489527 0.410997206047126 0.9860463574949665 0.12004852898367302 0.9494304918794403 0.3027886618850668 0.8615472345668588 0.10886067806389066 0.7778880036321023 0.7925192814328675 0.4508277412962025 0.4202492600495774 0.04578865720553682 0.5539595759803254 0.191530239799226 0.23035142657560836
0.2264457866064029 0.0791828508800344 0.05747175733146537 0.7951675943875067 0.004051575120224471 0.004604360686511266 0.7829353976321157 0.4747439126149845 0.43817740660889914 0.281383904961771 0.5589364950132617 0.6450170815843539 0.8690455952222832 0.7841436590893482 0.7383986211491772 0.706830953329617 0.6340167058786847 0.594590010137108 0.3399777403602795 0.4656790484465859 0.6847303286291756 0.8514691041209742 0.7671577584944315 0.5506841824550768 0.46786598685368797
0.2983604416173882 0.9810315055624985 0.5082743004467162 0.8989992446788964 0.3963087683431309 0.5647300027896233 0.60073222945566 0.1556848078808063 0.4498186975129095 0.9682973461279991 0.3620394123425047 0.51468000808673 0.7173548748581597 0.1860316186602975 0.9312337569543012 0.07779910167690107 0.7465900661528607 0.04410449111021597 0.32008194319703076 0.46718636237076827 0.06878808580042295 0.6646935380567086 0.7574689578629248 0.8475514245847727 0.806967707940433
0.6329813592180805 0.27915351538582267 0.7215524193995795 0.9939866059204094 0.19804800408636414 0.9200189963570289 0.7294634653604484 0.8799327157840093 0.672631851376514 0.9471967292866338 0.330909573559934 0.1762294579267828 0.6705476961398568 0.04436448773244195 0.9393143836402101 0.9655327865834814 0.8784897907833543 0.6575464737128947 0.17934276100536062 0.9318261215096111 0.335667281437217 0.6437703274575947 0.05774353350590056 0.24924717670906282 0.9674845836174054
0.8042396918787141 0.4356720908182953 0.0845956665857499 0.9422275241640222 0.9467725688829258 0.4158999273374122 0.41520831430336436 0.5980400116072165 0.44832937639965964 0.17347400525716605 0.18620709523462076 0.3809852971394041 0.07815240681537294 0.5491075592831187 0.2940086633651001 0.3042851013551233 0.19249735100134457 0.110351048766553 0.009449305385992535 0.951292735323441 0.05982590764011686 0.2378665814631552 0.3806503648793692 0.9554679197470398 0.40194370439687044
0.7556146943144294 0.18123776760892796 0.6817912501669465 0.3129615047233768 0.10118367635944858 0.941039324237851 0.5188199058614309 0.012439116275859474 0.11296731661704096 0.12083717434708452 0.5478147287415874 0.33904218742582726 0.6154586857907683 0.8786535513430158 0.605123988516193 0.0843242359089541 0.9262501576804043 0.4645584067714916 0.5526996744801109 0.5763661604458097 0.02400126869574304 0.629761680300624 0.9109042632443665 0.41311387584078285 0.15123090564730635
0.23245562541482234 0.1944972205445561 0.5486827900149762 0.7595709541622999 0.34329753001394503 0.3063982597529481 0.13073258295699408 0.043063646477256357 0.9637115257341223 0.1362118370838754 0.0045917479984786125 0.7230509388771708 0.4020815927821004 0.06658137364229877 0.9211030365787823 0.5145284373126172 0.5210467695991808 0.03595045983121958 0.17881551147728303 0.6443071813257543 0.17163057233706214 0.460434619218995 0.09146626896178711 0.6396836262849475 0.11509686993289803
0.25051173159909934 0.9620194816625185 0.9463490540163116 0.1637930745012397 0.593588529822631 0.06606621802970514 0.9604239706218453 0.9621282085958093 0.20147688909169648 0.029963903966802707 0.39498722688795973 0.37701803698635716 0.11821020097040602 0.9618445737426711 0.8626476429911066 0.03464450184020473 0.8825940490138969 0.5799138812397991 0.6432934632918141 0.6262283949650299 0.7641055549311004 0.5605482717373511 0.40589791666544606 0.08908295402153976 0.6301603381092878
0.17613824916087495 0.13791244507412637 0.9103705536511105 0.6994803980664651 0.5183308000811525 0.5041914831241221 0.7855108198285673 0.9620205473585774 0.13688822660271327 0.3066732366620706 0.9761169561998333 0.4267480276367811 0.019774373842039727 0.1577679779272929 0.877259032809636 0.0860815508896089 0.06253303941636101 0.22750972974736172 0.19767117250522026 0.5971136712838553 0.6001330141161636 0.8095229254636245 0.9603131160483066 0.2581513100194751 0.19230377781591723
0.29270979052150015 0.07137399176012271 0.7651274052016305 0.9579980267579549 0.0689190390247536 0.6924458579002586 0.266932019385824 0.028251832356682938 0.0015853978733987306 0.8497079662355919 0.9821154885711658 0.21849721225739516 0.43501876519091154 0.1335605538257456 0.6105736078033656 0.5011552552970866 0.07270202992988195 0.7009762172870665 0.07199593872886434 0.8241650052970357 0.7674160557914266 0.8696870108025198 0.057495486818955 0.21403332988741908 0.5254107974796575
0.9770465211750049 0.7339976500018168 0.8653394351404493 0.5739695208630248 0.5808273598352184 0.12695182861667376 0.9663797588609727 0.12247250563364676 0.8540030010301439 0.8779060629262176 0.5772852688826845 0.7942571272722202 0.7604352606674379 0.23540787015117637 0.6611899941556589 0.4800847798574226 0.3745668542535274 0.24848624176624035 0.38248657408479936 0.291928803129879 0.846867569598391 0.00841919347180653 0.34298905968405313 0.7604102418995446 0.8189480230975422
0.4480287845338772 0.7467210171752374 0.5294776506855846 0.16267575065798645 0.0016863868432541729 0.8371455942248403 0.6480155591436415 0.9134445474496207 0.14676619703681404 0.3935495713650352 0.2584687258153301 0.3119136077830208 0.6310724917811087 0.6869683355762437 0.3939508755097627 0.07433258057708647 0.8299432782332833 0.704871162214161 0.4171984449577656 0.37214389571320305 0.4103744740372107 0.24841150704435433 0.6187841992010653 0.03199315685291759 0.22414597376431278
0.18109907328007224 0.00481760769225581 0.9738652589809028 0.5081561223545374 0.6186744752030703 0.5285007608417225 0.03094528520396478 0.8489221153786601 0.1710519705682062 0.3441572401407399 0.4624068760662702 0.5208991678347211 0.8756068443586391 0.24073325091910058 0.34019892520893147 0.18805860568534394 0.5603491020444556 0.025673618843820023 0.9628709303731229 0.9949388976638658 0.07656654869540813 0.7525391417584272 0.14652087350444787 0.85453446931896 0.4330920279263094
Radious = 
[2.0480944978066242, 1.5621762644518393, 2.0707801815530082, 1.7200896597070268, 1.5656379629866677, 1.8208670214202016, 1.605357299449891, 1.7126717801417393, 1.6455937219401362, 2.056973470964586, 2.0834341406099703, 1.9473341587756645, 1.8237785431194495, 2.014712262262176, 2.0684901915140226, 2.0689408432550986, 1.9051975152078067, 1.9024632234557353, 2.348329290939707, 2.207848219949549, 2.1510893840446923, 1.9727762794814443, 1.9046640050049244, 1.6789568979416045, 2.2202869626175823] 
Solution = 
[0.7165708876508519, 0.799995453414299, 0.6243853986927347, 0.3907259305650713, 0.4416418811039793, 0.8671124149308801, 0.45996680620994745, 0.4461324784097519, 0.10185970562083602, 0.25050160079188866, 0.5851905734111212, 0.40684537020953904, 0.8023345153050054, 0.5464440420078204, 0.2880612375043091, 0.7918874099514152, 0.023248510721776028, 0.7978733569277282, 0.17746944418350608, 0.7559890601639238, 0.4692674876555255, 0.08475008735934075, 0.7546078550429549, 0.4644267971545164, 0.8732992452249388]