Dimension = 
25 
Points = 
0.1585520259891643 0.22957827467908165 0.9043694627858903 0.2882755981416891 0.9724200147877349 0.8650930136404404 0.5162542384875266 0.507674640417928 0.7054072868207233 0.663324904764281 0.8028298694000447 0.25269110089412017 0.4072073098052992 0.4681914790180215 0.5329849169311148 0.10689143279279012 0.780597019423521 0.736388853947881 0.7645485732363155 0.4688530217890008 0.126976925752051 0.2949105337903072 0.8633142573475059 0.19769471989730014 0.9156866541685504
0.02288952437140035 0.3974142239620765 0.32619468498120585 0.17653723655689102 0.7730039548852643 0.8973190299796294 0.3904102552146482 0.8401954438022986 0.13393951515570235 0.40898100923464653 0.7385410129020114 0.7053020050590678 0.6674752858700581 0.6817432675808074 0.0001381491887990638 0.9018034506398814 0.6711588018503754 0.3099557645942923 0.07683870650263547 0.2706820261312368 0.7078531428837805 0.5414564466383285 0.6718185576166342 0.5986024444794092 0.06754346532428246
0.7550175062469053 0.38009627558021386 0.6947828748779177 0.36047035785657766 0.14164325771305875 0.08206198497028305 0.0675793541997115 0.34077397294832146 0.7490449119894235 0.6032932907162628 0.7647343361450146 0.024281519152234865 0.9612581116190677 0.5978439093693068 0.28669459184591073 0.5066706035148819 0.38543807386457973 0.22129454726892983 0.7043215837595317 0.5226976482070593 0.14166102708382755 0.41491092616255376 0.8225412031113202 0.5341809577323362 0.16048035296967889
0.08990364776233939 0.4640087561032543 0.7588844924048698 0.9383525483092414 0.2444884354937319 0.9789197443203883 0.5061759310725612 0.05477916990595599 0.33221245233411667 0.6723477345032229 0.5928009461469187 0.1822405333718191 0.13593835454974024 0.21825015844447726 0.9926079062483013 0.35061627272196094 0.48451811099165953 0.9682615626251229 0.4509265182281119 0.7533259205686613 0.5051508636888715 0.35976588646463015 0.4041089057405376 0.7103724517603224 0.789594369828558
0.9643244860827371 0.4583510598239877 0.09707425886609755 0.6241909877209955 0.9006634684968128 0.8442773254144545 0.08096827416328645 0.8475619056203995 0.6889950138945009 0.08585969961958917 0.16922877165619232 0.5782461072102053 0.7306617970776111 0.035678730754118426 0.44699030122168215 0.24198954655424 0.78205917110987 0.4450470355441204 0.5851331462292833 0.18455555899487264 0.9419500623874595 0.28093230950229653 0.27740167549016836 0.8352378446191373 0.5774086023081153
0.15935416440921624 0.6798519222962478 0.4880203971983256 0.39375156396129907 0.6289835280372885 0.6143471411659227 0.4558112457301665 0.9486739648432201 0.887086385976644 0.6460569859136521 0.7045227101615984 0.6386356972224599 0.5997793697168936 0.4485381576737625 0.49965807388168915 0.046031263059573724 0.4610251064117915 0.07698628396837781 0.055522212951159444 0.7383268987929512 0.38289378567519694 0.7972056344101431 0.4017081794765759 0.7226597413633238 0.12044332136126623
0.3826615858534097 0.6646746967452857 0.2960414274344113 0.8962065362531263 0.6559600854228975 0.03403560836452557 0.3800768209364819 0.16207223934797366 0.1484210626483461 0.36183270573127846 0.3488830452477998 0.8378084010852385 0.7902874414621722 0.38782564806988695 0.9695776504768671 0.7892995715798637 0.18779992135099788 0.27104072924208567 0.4778576508169984 0.2499134957612389 0.4835816837102701 0.596553834043921 0.9326304763775717 0.445343543638129 0.24064775230324942
0.08345752005612206 0.3880681820488596 0.5983796634835407 0.8300404348571092 0.752049613357368 0.4588185636175708 0.7780500182873089 0.6253061835976258 0.11453548189995355 0.09250284871227976 0.24752551950872492 0.8892309242553254 0.9632493292235895 0.5129061955799096 0.05227806272426927 0.6330256727768736 0.933023064843668 0.21424155271760603 0.41124843421302626 0.8786650069385593 0.9864482745520372 0.3411691215026843 0.19186489815396657 0.929448422514712 0.3130664692167555
0.38586866385005336 0.9326678049065477 0.9725955333146099 0.3890674948500352 0.18759148276250237 0.9568184059805143 0.6500199708899581 0.4283114431705536 0.3710196609123303 0.12372493358310488 0.9134351296180985 0.4931163232421366 0.0805701412585641 0.2812624742469644 0.6910260191672607 0.8320922907733234 0.2829030563844507 0.3953777316575059 0.9000397325054605 0.4358224944499678 0.6593598773000452 0.7215696670772387 0.29412738632976376 0.6731544130066247 0.5048201987832118
0.21907677729505415 0.08649751922867654 0.745569163281535 0.37183361939386483 0.4670804269950247 0.3340008281944571 0.9679351885995637 0.6813688307292951 0.8392304887647498 0.449463260316898 0.9488895661735551 0.4029792874447806 0.5799581757632515 0.026238461922912237 0.7666378454298466 0.8705319702306331 0.8931276991601226 0.2069957990118716 0.7008108938818389 0.4263435882184159 0.7500510351642254 0.3060007054245232 0.24984413985118026 0.8668685159786123 0.501704257195979
0.07351693976833884 0.13357987372311309 0.997277304728501 0.45698907135210054 0.3934286780852766 0.7270898088804252 0.5856478559961883 0.1051255147351483 0.2025680164896928 0.4971325953973539 0.5678028219459761 0.22329699795649616 0.46982319087950464 0.9081945204597744 0.9253968386019814 0.2212447900438972 0.9442379822623336 0.8238728805684161 0.1526945067821106 0.27922279892583735 0.9748437780773489 0.693056616423239 0.9816887366609424 0.9492373956904491 0.1690950568694829
0.4693544561831441 0.34805382990318057 0.995115727668614 0.37541860858590703 0.8598003123955654 0.5194503230891341 0.0478557276142868 0.7642906663984429 0.6609347626332769 0.12264560931121304 0.2943363894601938 0.18439122562986576 0.1531865029938526 0.022758982931089466 0.5620400867315747 0.6513001159958263 0.7241614783231111 0.7190014398744426 0.15149850947389798 0.6806270439649657 0.14881457376008267 0.9969794484248832 0.2867504773141394 0.04438465291858529 0.5397057685426169
0.8266188638639628 0.26717442301789196 0.17285775401930636 0.04446505306017845 0.777959402175143 0.7277135126156593 0.6245126582313288 0.4532930065851366 0.32521854739142186 0.3628011267418201 0.1823138395756364 0.6073966576179247 0.9642847930328112 0.3994640028223413 0.43262933404341963 0.7822062856523027 0.5506563029280916 0.31572277670172766 0.6527221860298034 0.24309062559304995 0.5701913934874284 0.6419998811471141 0.3246718325451148 0.35197725075068453 0.6740616761787309
0.7858313966969454 0.8945197272068168 0.12887015800265245 0.2713388304164701 0.6127455848205138 0.5656973258392337 0.9334865104916944 0.5035992901618668 0.3143607430447902 0.9695145595481326 0.48747583809233064 0.6266323061194328 0.3587107251608769 0.0941753179645296 0.254844156094988 0.57892394310047 0.2034256837596803 0.1838551970903175 0.9371486174177709 0.6514308657619332 0.639361281740181 0.7957056982746288 0.1783301441883226 0.8457081812301867 0.13789217316629676
0.18802624197373297 0.38980995807215624 0.038675024411021885 0.025219539701838434 0.42830549332983103 0.591310224274399 0.12570065821793308 0.5338946634767814 0.8421887532853068 0.18909825268812686 0.025100315682970886 0.8737115613062961 0.8016273461303098 0.05296147435095011 0.5305269930322792 0.3674363855830902 0.9965391341716112 0.9613449773311572 0.8905096205388121 0.6158598083000681 0.19879302577442381 0.825595021415883 0.12254971095107636 0.5922350698980595 0.7826086397129481
0.25322112979550904 0.6262298134457225 0.7143408073670517 0.49008167492981214 0.9653351434323163 0.15628973574085292 0.6415150210695211 0.5146339332356951 0.538242106082721 0.4918858218289778 0.8959203077200347 0.692397041678657 0.08632131965474932 0.028129793630572997 0.6401486547521178 0.8772268559867812 0.7075704409580512 0.7348364175970221 0.44008164259915883 0.7971822296494414 0.13604247700298822 0.5405545346206945 0.6295550656225025 0.5790781428362686 0.6253061756515055
0.8563303108101507 0.8660895219480708 0.26277078501412277 0.11895835073575767 0.5631009254693938 0.7917684551210356 0.9874055608609019 0.9686058043235035 0.7287397818353472 0.42665973014515823 0.46843511040099106 0.7486806282992025 0.17528112350054736 0.31532831418971197 0.4579901089118813 0.18409340791475304 0.6977308735452955 0.20953616331584124 0.14818868855478995 0.43801406211650507 0.7684420374635145 0.7716785881088764 0.8055356587927467 0.8416133428066175 0.26171688743224286
0.733780667331046 0.770056416695008 0.23805898554683502 0.6081223706086831 0.04610681873737765 0.708885105697248 0.9585519997183306 0.5567966371880029 0.23467810575327774 0.829551084430739 0.21071194684110117 0.011387903647091413 0.28049578849076895 0.9878044333973766 0.4482192269865538 0.5636625608490179 0.32986201570726237 0.23142342203556276 0.7401011269444857 0.4782964552921011 0.29922508627872824 0.4096909771732399 0.028957419944788176 0.6290669620861972 0.9283411038178954
0.5645810143676592 0.9584112978489192 0.7783469380123078 0.06411258643150486 0.37004455639661604 0.363099272334517 0.3651735993993118 0.061664405017763824 0.8475500105983471 0.7563965305025161 0.9873719529889994 0.6128028714730317 0.6777253894732028 0.41892869579338465 0.42198409646868096 0.20836206748181996 0.7294534519962714 0.6972733822745096 0.4604777288598706 0.9352893117181408 0.24043856000904373 0.2841162177020551 0.23091089805897513 0.8817492652810051 0.6819170275736643
0.89454926618736 0.9206666912114024 0.01885811855455144 0.7334861298913903 0.7372737234796612 0.6607342945854762 0.06123428269554243 0.8841039588361628 0.05345340416752997 0.4603085110119306 0.17682286735091746 0.7516382901482177 0.8978145115922697 0.9644768463259952 0.28211478733972384 0.9970485894366105 0.8671942228268023 0.5432490240643315 0.6446225130930945 0.3325317867281651 0.07989994590190619 0.7687214965990946 0.4506810142436294 0.19569046707956006 0.08208646098831696
0.8681991276979901 0.5325892595147788 0.379419360969657 0.28446221179083686 0.030847785336036604 0.2526572246826573 0.20963222728858288 0.8706215808896884 0.6762170967681789 0.541515185091892 0.19906068483021222 0.9828974048815421 0.39716340316071586 0.9733839836406656 0.7731787800190246 0.9158107073382252 0.7634231411226479 0.6823439678602766 0.949074217339518 0.588201536229087 0.05368287394163873 0.6757707770142677 0.023672233358583483 0.8316495289572491 0.2641691916575196
0.07176200492391127 0.5114357118717267 0.0015411343845674885 0.9382453160876733 0.3354761125024798 0.0941589177672153 0.3852827319908344 0.8763890019035535 0.9602778234323409 0.2557122308107844 0.19277344304333988 0.9743198304548508 0.2877550882459534 0.93456493890799 0.205098650453995 0.12901570289405495 0.8123815097392522 0.13721085421361423 0.9540966223212604 0.6069932325693687 0.6751712368389919 0.9593674820169581 0.3532845521905308 0.65651096719094 0.44191440554895833
0.2000586506862848 0.42761767358087166 0.7637433946748066 0.15777843558610527 0.24730315244188872 0.5183305312202974 0.76990611671589 0.2501195134547798 0.2507592024446662 0.0290077558673707 0.8444734436302991 0.040618145198048516 0.241491814132618 0.4415595180919153 0.5227300327764002 0.5940066605824922 0.8879417256123945 0.9194886194610096 0.5079231087397598 0.15503573687904315 0.07776041623472962 0.38880895349411915 0.42994640836821607 0.1757915154622509 0.2614435695830164
0.8290164080122193 0.41708721582885844 0.6977629917160038 0.6429067128337792 0.7935544939495695 0.5847707186871228 0.3827046840166929 0.29411374408814306 0.32556090417519257 0.3593313722042457 0.6081943834402579 0.9532161324966744 0.7226621806226251 0.0985955673205996 0.2724065891345915 0.958068994268072 0.34242982731568716 0.41008729826022694 0.12226511856137745 0.2132341347974701 0.8379433603011261 0.08612717091258848 0.20721220957866893 0.330702910955593 0.6652067458688016
0.17849202590928803 0.6706045495130682 0.1423063980258502 0.08459653182987148 0.05456384327485997 0.7289906020926565 0.49404809675644945 0.5431404552644535 0.32416734070632947 0.5234324216227484 0.14228049288943867 0.9022653468399653 0.949044684395039 0.3454256883266702 0.0746970037628073 0.05964780943990411 0.9910148898292322 0.8573628954377219 0.37694895105217274 0.40153366167446736 0.7715752686930877 0.8623606796556195 0.17401890891778737 0.9950657297126542 0.10316696654497126
Radious = 
[1.846428720272169, 2.3625570338744075, 2.175896401847997, 1.3586269578117303, 2.3478896707984602, 1.9703980270505181, 2.101525424828917, 2.048073636698343, 1.6729930703221354, 1.929432065457531, 2.136956263434836, 1.7202060450471073, 2.035863950663901, 2.2510362249556857, 1.8982262151707574, 1.877150279640068, 2.374172991006278, 1.92196260254586, 2.0988139005607005, 2.4243699591751793, 2.122952313375907, 2.042979130305422, 1.7483438011677646, 2.1792750088543746, 2.2563549592631067] 
Solution = 
[0.009557491375565164, 0.23494165698359304, 0.8066771974041934, 0.9921656382343598, 0.07339136089705944, 0.8672812035081245, 0.734624855128406, 0.3246284918944303, 0.6069135772896906, 0.1756886457754836, 0.3019968250227997, 0.42988639669721485, 0.412043433827739, 0.36695345065914975, 0.7844896857484546, 0.43414941175322397, 0.532169816003154, 0.6340760952744358, 0.7291581071427412, 0.995689125534511, 0.23783918707814267, 0.8018852776942229, 0.10785814849971687, 0.1040703904064798, 0.6284864393728608]