Dimension = 
25 
Points = 
0.9207196199124005 0.61113212832875 0.48897499091071694 0.9089968534263471 0.21093524816644915 0.5320699410078864 0.5287948583328727 0.47605440909403907 0.44008447053461275 0.2742798348291796 0.9367094404050631 0.7040415589591645 0.7944287228823533 0.3573305607659292 0.04372799929097981 0.5313276901910914 0.44917735614929666 0.21595986926335498 0.0536859161890294 0.25404586726807776 0.5677028796236281 0.46892389500058607 0.40315192710686987 0.5316486452169538 0.9907216187375603
0.686775368479959 0.8061892282859079 0.7177303895616078 0.7546149447120093 0.9304908577110786 0.28360386588871844 0.7426500850209721 0.7680286668938979 0.06970572758076177 0.767536148841583 0.18729453135836416 0.2552680708869739 0.07160065364632073 0.6507488622483111 0.13850673224736232 0.3537434175093772 0.9428416990187387 0.377390470196845 0.9731959308542087 0.5376035701650356 0.26050175293731137 0.4188861474622182 0.43874269759667706 0.4267413047906229 0.4205676989484177
0.8667423433211149 0.8887651670656062 0.9858711059578631 0.11021431810549176 0.6935703046393 0.7975624760381881 0.5862028921403971 0.7488674396901639 0.5520690158881841 0.18714601210572746 0.5675957164994998 0.18053236909779857 0.8722264287586631 0.16496755451899525 0.7536664304337053 0.3005728744249393 0.8504726481052914 0.7689000111868243 0.31910651998277606 0.8275958339414505 0.24389364530293112 0.16678680293942827 0.49369519137936957 0.040041836792493624 0.0726509970242083
0.03981879969498703 0.8383335572358075 0.5228632727059686 0.029303717844065713 0.14266914685731025 0.3232072063847019 0.05742733054435323 0.5493080679999439 0.9445761791127132 0.6778941094616633 0.748791922060987 0.4068008084651499 0.7033494189259349 0.08373743482423535 0.17589327975902602 0.08012573894829389 0.9178356806836576 0.019457892561421275 0.9962691672841577 0.3974889970820835 0.9155934856156751 0.21918768862003846 0.4058695128947548 0.13798433047159242 0.366184447737134
0.4809833200218451 0.1200385895319358 0.5780879338084017 0.3771488258217405 0.6342378542069878 0.5117287189344695 0.9522093864796873 0.15529527926374675 0.31478063792201516 0.5778813163135624 0.06699125212720469 0.9215142717718015 0.8159551399654082 0.5578496637862584 0.33827864691646947 0.24823522437475054 0.8009503545082877 0.8742007597343818 0.0049286373041526055 0.7559264041672545 0.8980395407288257 0.3171018371148465 0.3605696012520986 0.9547974685385986 0.38835042883425974
0.25014423136558317 0.1057237073955185 0.43622984482418325 0.6674514439967064 0.1617904328618982 0.20896282400014954 0.6576657427579368 0.14408627100123939 0.5370654425241234 0.08880873566090419 0.6201275457129884 0.9792490694730025 0.7309494376648786 0.474796893279828 0.7040497847328347 0.2863711573072123 0.11470430671836129 0.16990457752126098 0.5399528992173177 0.3926121027532514 0.29655813305474255 0.13634874111987272 0.13518508645938865 0.03719126983858023 0.22143397373584917
0.8930477341442115 0.8281368283249241 0.12655976699427496 0.6288341283773721 0.4739919906459652 0.325639105752062 0.8068744478087116 0.5227313251964926 0.5009647913435497 0.3250426777405473 0.3078392156125711 0.1523727573678212 0.19837558557559487 0.7294514713747328 0.1860183914061201 0.7719810411176175 0.6083959915585748 0.021102451654978704 0.7372042123832087 0.3527254910257228 0.7917405065750348 0.02653597286285847 0.7949253280673855 0.21643553959678408 0.3685375925400268
0.03330636149801258 0.81623286834864 0.27528289222184166 0.690980089199849 0.029344723910453396 0.21735088447343953 0.342626373029822 0.4944303873978868 0.0692250254962743 0.36817794155567507 0.3609987154505172 0.2885122059475532 0.2020962989674342 0.49925293094364254 0.5308695239530997 0.8496528949451932 0.027218603733355717 0.10896904290053233 0.5568789815678639 0.7310348397346552 0.11303509479175777 0.16661430602131344 0.7984799628438985 0.8855430692643838 0.4382475127652258
0.7238338785935656 0.8405072265222342 0.8158486685167877 0.15641216661361457 0.44214534543820594 0.16013584383906465 0.06548225608750047 0.026629663974176432 0.9021076891321564 0.0241005988777524 0.9446538741064904 0.5325504691292223 0.5906731666895241 0.057832670253030294 0.23972429817222274 0.8210385267651081 0.5280356849156146 0.44962789085276933 0.61381699954464 0.4048560585553941 0.48635263009904905 0.7661116997368914 0.5248169301326229 0.3167345629054583 0.6765740379003344
0.3363450794381956 0.597251071433179 0.8097167978076097 0.9386582471821767 0.042398929066450486 0.4600022928840638 0.23186826146864692 0.21724899673567755 0.9397937257743938 0.46614794936827364 0.5191785188655658 0.1511195081860559 0.8291288850789289 0.9977017766986371 0.4978917128009397 0.7454645375431196 0.5500230121097891 0.38260042773240077 0.6848217218244292 0.7719598608144894 0.7214810176923523 0.7152323779677714 0.8405160211311504 0.6709762141159479 0.5868331375165081
0.18742710849263655 0.06588928126107507 0.8595128418082226 0.5797935293390711 0.6768087915549194 0.6959618745877753 0.8910056055821364 0.9238645487674217 0.8984065318079252 0.7681141762225803 0.5726932716267332 0.8215805716476614 0.5292603148850432 0.020189443369059146 0.3752027365203524 0.9186669385055247 0.040854935746457044 0.17637783327140655 0.5246998243412223 0.23078710115407763 0.364657202378631 0.503392797282117 0.8818981464295234 0.28441398919627847 0.10540819086231223
0.3482214015332814 0.6230759043049469 0.20334705602808456 0.5575119185819405 0.8219522637573713 0.5210603611540433 0.02432098127748894 0.2788729829669421 0.45100355986975293 0.6239282650518295 0.45169866944246484 0.9762059384158505 0.387408741868287 0.2510161326408421 0.70927925321179 0.9611506960992587 0.20702189109064906 0.28059332423519057 0.968575808760524 0.9734345196688412 0.15979563452202228 0.2890717665754782 0.3887832583209194 0.5394083334928202 0.6282933049081144
0.9692911720404788 0.7954852970472702 0.5956662276206814 0.3294405776990127 0.44908523680843526 0.31153665912271555 0.8008306653331662 0.889924011975677 0.7500937723577651 0.8355628240770252 0.14645786332230515 0.6855084926755465 0.85595781769101 0.23279337633336716 0.03916177410900712 0.9109682806294843 0.16100452828519918 0.7280586278439678 0.5374981144454889 0.9851929320033039 0.8060531177331933 0.8633744151187123 0.48224857808019195 0.2697789868770165 0.2106911180126514
0.2664411921475327 0.5365919935995398 0.8377806477536474 0.410947951564397 0.714641629973369 0.8214796470879124 0.1731370330834885 0.6721075997368373 0.2680710831402977 0.41412177283640794 0.3146645838902422 0.7078539406905575 0.09084794394873952 0.061196998312381234 0.3107317438821201 0.9423216681402752 0.21659971559747104 0.5617948632070784 0.7887181553889211 0.32552928849658225 0.46783079154391916 0.933714222382992 0.46190630299031976 0.3503962883779176 0.7960335477168629
0.2580034694536717 0.7733346852571851 0.26283747051077744 0.8796361959051671 0.5824622568613687 0.04882861251666748 0.4033518073896498 0.697637591516222 0.36536833033707417 0.14789424995530243 0.12896166404616605 0.22587869072410305 0.21068349818511978 0.5969811728421586 0.7231434032798837 0.08666619773403517 0.7288052064158795 0.9654028531540907 0.06670850669407102 0.7771088578643093 0.36350935245037597 0.45253311537298424 0.29957248475787024 0.47085819127739403 0.4893804297009021
0.6540364060553449 0.8655564093205482 0.91067522857936 0.007513980511033358 0.9756906367085036 0.22440907469559024 0.33819365679698665 0.06524783353475772 0.8069323226173166 0.8311040365408253 0.14399211754232455 0.39656058486132195 0.5161403855368598 0.8489883283845396 0.9734845228294607 0.5707851223683841 0.8134383262182866 0.40014705336467193 0.45958973785422996 0.2978651285686349 0.7017771684187721 0.27859372854389475 0.19110910755406219 0.45107691217532697 0.19748105703171637
0.0013383611816772945 0.30276681501136016 0.8898361777944284 0.31864668185015277 0.04738428817539342 0.3504636742794619 0.4470045245588753 0.8339223907863984 0.1071868715729064 0.6196409247924144 0.6033830567756286 0.7906549270157474 0.5368903199515426 0.8752700343668396 0.5818110394242824 0.5472604237491914 0.593769054893445 0.5386371306079103 0.7712807579469609 0.4850352924862479 0.7313255769612604 0.11759372568065174 0.5238693969327594 0.5083182595600749 0.592531851364564
0.6392668111613065 0.30534632464966516 0.3186883442214622 0.48525382340506906 0.3671200871522552 0.40295666838508815 0.058495291258755855 0.8137297209595461 0.1942727694633486 0.5446703545771012 0.5888847235525017 0.5994516636617644 0.4350911242569633 0.22815182118498578 0.6471072142908764 0.5646815749494452 0.05132629798013977 0.3893294235942496 0.5120925400273468 0.07750079041051272 0.4259118852372038 0.04929446042816665 0.43322789607622547 0.26993559844416615 0.5178733259484675
0.8816643695253091 0.8321729248213319 0.40975590281907737 0.5921087954779601 0.8618331310864317 0.8160622958541809 0.9388645615990794 0.14691794046795248 0.2852660209493002 0.990084311453684 0.16744123602905348 0.03237230906976529 0.4697216119664728 0.8967595598837966 0.13793082618178165 0.6497750923613574 0.9158854902568485 0.9841720948595548 0.2530992763886034 0.1590440215887854 0.12725879769395698 0.8969253200474697 0.1629514069490201 0.8630239669373707 0.397896768698076
0.27176301176725015 0.23538622034333212 0.6182600725123633 0.2934861800318831 0.9489791959870287 0.15926732244106956 0.3373657470688479 0.2633008573990683 0.9574018385473269 0.3194886414765873 0.09345607400931233 0.585184458646983 0.5909972269012733 0.30053216904888813 0.7523345643652134 0.2784992605800998 0.06208291904630847 0.015506549124412738 0.29636249330276865 0.9519182850338884 0.9162119812901373 0.3570127615444647 0.18987779711513775 0.015519583403454718 0.24414469196029176
0.24477299768735783 0.959602913899363 0.3309989321988348 0.7073152946920156 0.7436446081550728 0.8692804255209471 0.2790865102963397 0.3629012756185285 0.8061772692476122 0.12536801325834046 0.8430709814472421 0.5812877079392399 0.16764892091617423 0.7190073181803448 0.7793675687733899 0.16694070456175436 0.5872101143471136 0.5704818380079304 0.4112524418149688 0.801938813052444 0.861492146351858 0.4220759842686612 0.9534869507140672 0.9013543089841718 0.8645992897076604
0.0964781703404296 0.3664560650259374 0.4066980661424697 0.852996102657999 0.7383898402687795 0.9360876418807641 0.7465254489538409 0.11087222369101635 0.7912874969568531 0.8142769312267379 0.9091117247325776 0.12896658139612271 0.2949306021266844 0.6676569359357121 0.40961098184542866 0.34942589983401773 0.19485752981431104 0.815599411780767 0.4851369536315261 0.4237420701864968 0.6199340800526323 0.7079852624109513 0.33876235727959525 0.2542794245008837 0.29376367849643537
0.44295783292253754 0.737216849416411 0.9180299869935471 0.323931299718881 0.421074818753697 0.1989272659797896 0.6534549403178106 0.37750408627543053 0.049543955141413965 0.4750381314132208 0.7496455732850276 0.2406155254628587 0.7831482251546558 0.07792638659760842 0.29042818257909786 0.7831716965605291 0.6178375362057438 0.8157871572486287 0.7575945606906964 0.2492792998687624 0.8325401930203685 0.1114556338375241 0.9848756973791628 0.24540020988991873 0.12111121772690003
0.8127973047996849 0.7046365000269972 0.7557210525743376 0.9978873993097241 0.6313530126602153 0.2909630104807974 0.037477871139418806 0.9077728582932939 0.8696724118919374 0.17537076488005965 0.5005794897233551 0.11065879926608035 0.9272872013901198 0.2988980628584311 0.542756110692708 0.9745705300993558 0.8109083008432657 0.2154367163343588 0.17231487985261096 0.23324008245041805 0.16729882532238038 0.4169122513807575 0.5896723290316663 0.9352206591821157 0.7954632556480914
0.3694100880526122 0.80957969852649 0.16359571380958393 0.8809388307585972 0.5448485368718983 0.29737661777371704 0.21281664978877413 0.08500111303793267 0.03629382676235671 0.37942436916528344 0.5271985230027265 0.7679654489430069 0.367608875680401 0.6119175228573847 0.3495246188166734 0.6499193832833203 0.5509673337636056 0.6808747854893157 0.3647448170227956 0.9042923704497654 0.7067943378593664 0.17570403880244156 0.5022658531441082 0.16699423597091012 0.3662236422994355
Radious = 
[1.8364454535069055, 1.7541492655993087, 2.2221031579671178, 2.6088221750401783, 1.9024599698064055, 2.0668085043798334, 1.855883879172763, 2.130171301915285, 2.1933483369011375, 2.0806829479682887, 2.2056262423489277, 2.335269264973945, 2.1537743255976682, 2.0086198968882485, 1.5984439171748015, 2.3192713488540053, 1.9898337305261682, 1.816869407227903, 1.8697831444904482, 2.37457629997901, 2.1118491722374104, 1.79563506173432, 2.076039052126857, 2.0621730431288294, 1.8646737096438177] 
Solution = 
[0.823303179167082, 0.05924372019040347, 0.347429973990078, 0.8956023229671732, 0.5937465783573638, 0.3093855632808905, 0.6054017293754974, 0.801568297467184, 0.3044636264283319, 0.009554379667243817, 0.6221431786835574, 0.2936647455624656, 0.0909607609304307, 0.8053007292109248, 0.12796816337034767, 0.43110723182393274, 0.5511854024002202, 0.9495430076505307, 0.3760260732261833, 0.23837780159231114, 0.5225002873987892, 0.704329860390966, 0.31124644597778706, 0.78937550210612, 0.054377762976852706]