Dimension = 
25 
Points = 
0.48180984004121796 0.992368545705708 0.035831104992887663 0.08288755194566055 0.0332657722041978 0.7790741595299749 0.31965194469821534 0.7832423622008736 0.07771178520173205 0.9911627015008615 0.9419645745290508 0.062162790537323764 0.5533483457735021 0.2643213437502535 0.18724428156818396 0.586558931751321 0.6900907969852731 0.3237160961601039 0.03881783103478553 0.19284956854207924 0.11003899545593954 0.4375574562850617 0.47244887863612917 0.5246259753641195 0.5780290567353485
0.648654798502091 0.497632953955496 0.5415894908780449 0.6212443623939343 0.24451549027174135 0.1974208396357 0.3725784538020338 0.7668796369149613 0.3192886538458185 0.6924011883130259 0.8644850104947429 0.24535662519617563 0.1373280650176406 0.09061775116746462 0.04863140601107818 0.027237774165636885 0.22516203360279397 0.13510759016527152 0.7386249731723922 0.4427171693801112 0.7062251248811358 0.9785181017450171 0.45873774309996695 0.3569947623044444 0.5477022339187101
0.005124291718578533 0.4980191236845083 0.7020206169364543 0.23230799902638288 0.77584088022069 0.7718138006606213 0.20468304984102303 0.7211009186494954 0.7161542372320979 0.21011721721387577 0.9039380776406188 0.3240647864033508 0.20101101108246555 0.7759627215332391 0.15604931040908732 0.9885464925401507 0.7594942179200125 0.039150805363458385 0.32406345211649046 0.7465342031502531 0.03693092648391272 0.5954367893114643 0.1456906964871848 0.08131557138106593 0.6750480852377915
0.6723614989080029 0.678483023861587 0.14085334197126687 0.2566367144435009 0.8114226671325347 0.22103933797363806 0.8613046484968134 0.6502104143654156 0.6573237090277392 0.4759573827454927 0.7141359738738161 0.11474881730945696 0.29072839148901364 0.15875544068242298 0.010195190774054397 0.4967316844437617 0.5137648568637746 0.9440325616311815 0.4975288577429655 0.30810837326502527 0.8833461046286115 0.21942133953389187 0.21790669016910535 0.42529681850570134 0.6081615863028893
0.2158232255769419 0.41062733418144204 0.43138778551839174 0.9738143647875303 0.5800430700709168 0.0034578831705076585 0.4002217203160763 0.8650668471708466 0.08556318464746715 0.25722167347098757 0.8530798816389435 0.6295721847475236 0.334529441546368 0.7752334892963241 0.4803220882725395 0.6464711760061632 0.5023873399849643 0.22953496195202383 0.5589928008516036 0.12970309029431826 0.8159213336347394 0.0834002627665027 0.2995684022279058 0.9008376901689843 0.5143174316686524
0.2785117460127322 0.44022351565248374 0.08016838470018217 0.013391670721281668 0.9201240476510464 0.9209139823429577 0.674906131530354 0.3577275856086043 0.2646816209490882 0.4696247748184925 0.6525184366917456 0.8717696199333739 0.9567984660214592 0.5556560425600721 0.30749941728478536 0.7045372479609611 0.1856483378030177 0.6979775827812974 0.11703311436786978 0.3120707670842229 0.4195072453033101 0.6530083153633265 0.36918909807935896 0.3730318425500707 0.6855683703123714
0.029065914787344882 0.7080596741703914 0.3107320432933647 0.6017611178799305 0.8392000973553247 0.3502134364190793 0.45370853278528533 0.5227760006884821 0.6348457743687593 0.5506785237108449 0.1238232768870442 0.1832668815266697 0.8892010391734657 0.473379803670799 0.35999505879621807 0.9035336953273743 0.3339860294159943 0.5426394241940172 0.8225312692183336 0.7932418363058962 0.4392016705473929 0.31799495376775666 0.5928814516595946 0.1760007030566889 0.7461519164929771
0.16879908943068067 0.7449199539823748 0.05423064398431121 0.5563141650248675 0.9531239685079732 0.3836262909109912 0.40522892039336667 0.4993877210616873 0.9894818675750335 0.8248511162497284 0.7356090431431483 0.39546419187012705 0.058005411327453404 0.3065484896966869 0.03732008408144616 0.4039752638875176 0.731636095707712 0.8738568414974641 0.10402538419185292 0.1479078439183279 0.7289185127352328 0.5282450486307048 0.7132351363309515 0.9124513846085822 0.9100063837279729
0.6582284079823084 0.45828581891933107 0.41260320035333353 0.7737914560516473 0.9308195646241848 0.7476056270262694 0.40033872872623144 0.6852829233195215 0.8994023585699955 0.20745287860913064 0.422375526067548 0.30054385883606294 0.7747793445983778 0.781497274848715 0.8067096289127599 0.07508922204905877 0.7060333378085198 0.5944420969101828 0.017632320033193927 0.7611006447247516 0.7790114645851058 0.8623961009282667 0.6018366515016539 0.6333595744151582 0.9729014324998861
0.9110442478709632 0.974156985538009 0.08548335726422995 0.19827625432380103 0.5187481396827582 0.4458844576038281 0.1507938557360532 0.3607786667694505 0.8486909907262783 0.6519813569444498 0.6801548828588201 0.35742272705540235 0.4574614985211277 0.24200246797850056 0.19543925185071231 0.4419078059943268 0.06514663750852379 0.2664240820517131 0.07604697353379242 0.9397328151742773 0.8429587560703011 0.8044011088706244 0.976064380337159 0.8167767379757819 0.5697570726677084
0.04343098889331276 0.4030052986857915 0.9939160133745966 0.9808467062231381 0.8568369443309635 0.46161759357503196 0.21692147454329647 0.9575478228849253 0.29192472423228033 0.5477712397821889 0.41074564365551103 0.6538256481421458 0.2856658484054585 0.3442511767905212 0.1418439688614871 0.6182407134086502 0.7801253375253525 0.5321198635868144 0.46683802395557683 0.12793999914835608 0.6886256702445464 0.6996592417233833 0.15087607319375917 0.05106875800560684 0.16959742837051883
0.3221921047388454 0.8086298899718788 0.5737881894837129 0.8070303737699482 0.16379534690867126 0.15206217880012474 0.39698434126383175 0.1697582628481249 0.23105717086210176 0.07456826745555911 0.8869553312183788 0.14836242311037395 0.6871183412546576 0.9909471237248401 0.21107618824766827 0.8103791778245496 0.41565757034936157 0.5478530800950575 0.28727148654364587 0.42160660609623757 0.15693333487806316 0.5398537170597001 0.8966831505362528 0.42290964344677096 0.4832062773369431
0.17862148237717612 0.0005232064770609446 0.2730669171728356 0.683265910564566 0.0025124984347271173 0.9551945310985165 0.9234324664146057 0.5526803600901673 0.38292547147946276 0.44915712151857556 0.2159546079396164 0.6209282067304052 0.9237861913849551 0.9143770946290174 0.014197793307493822 0.49930446919997196 0.24129273108275096 0.2801341865384338 0.5102557507238282 0.2029908460441885 0.08286109743353665 0.5549125811488991 0.1443548040450665 0.5123552035850698 0.6925360541896486
0.22622546886229056 0.8576833111316977 0.8473396287601169 0.3257278991788025 0.21939395831618658 0.3934834128154141 0.4586993762727849 0.10455857109357447 0.16143940388721567 0.5887302416618814 0.27562062796764397 0.10024840134452506 0.22523800047649056 0.8565984804837635 0.012878377888744463 0.5997510184406684 0.9642739143928515 0.20805445940761247 0.27152386930056616 0.32117868253736814 0.05339854299096081 0.36952605175159425 0.28382089542420796 0.25520157780161357 0.522057590293845
0.006493141927381929 0.9080958636113626 0.16371737826533894 0.0036173612739694994 0.8990733007378789 0.4303997562732591 0.34735581377495717 0.2867619357856138 0.806018365217026 0.39769976134515583 0.11185939977974158 0.2671276301549602 0.6171772853038665 0.720020822683881 0.10785660603343705 0.5047353086548771 0.3281178710701107 0.38274426747945145 0.6428852325216204 0.8177653492272989 0.27324764391085676 0.8664741457345813 0.9697873717522268 0.14666402341823526 0.39796657705069494
0.2968838799607252 0.2715639950764992 0.08276457060879094 0.3751415881342197 0.11529773588083314 0.5599159634967551 0.8531272026133763 0.6326585610795208 0.9110699718091578 0.0905475867915656 0.761089421066903 0.18538592911608898 0.29480683142356934 0.010830652787104156 0.8133375916932594 0.41471638918244647 0.09846992664292098 0.44178873461617085 0.7119760384899232 0.4962912070631128 0.10591939081918411 0.06058157913519391 0.8324681727898742 0.6455492722091863 0.8364057798408108
0.7350774612088049 0.8932107920983049 0.16289937344094818 0.4347157270601312 0.08896160988997226 0.06534870795858638 0.4333327277824852 0.9343311718175128 0.400666356643954 0.21932473431386357 0.22930514895127163 0.723878783899775 0.49777669380362244 0.1555877467303084 0.825634505413783 0.5851489948557089 0.11048772725930289 0.4466213378319265 0.6801395443744198 0.9299416694701774 0.17427332952821328 0.4045736783057948 0.6858142483477462 0.9711661593696608 0.8901321840079631
0.3522295792268788 0.7803286390763454 0.5959820472422804 0.5970072202349421 0.9618995746298986 0.7782948119133402 0.12466038419838243 0.8531435271178537 0.7580638813924017 0.060154834600402496 0.8245411985883392 0.5825421171312004 0.8934025747878754 0.04587230001948195 0.5123349772897607 0.7084156099561999 0.4217395106497417 0.7037373298024531 0.9181478560900169 0.32826884448000404 0.19374728614058523 0.6274279604841646 0.3390996701766199 0.606433968569898 0.4227055457858222
0.45492246438197204 0.14021993583828551 0.7519840542900462 0.6489520351846775 0.27678290758603386 0.582067979441143 0.9421123264925301 0.743558239181868 0.13102812214602932 0.6646326096517567 0.1399442971222582 0.32900095626683423 0.19171135850611076 0.8467670878825124 0.10620121308222796 0.8850125738891018 0.30216136673186644 0.575154447431146 0.9391488655452088 0.2677783506616864 0.14014089818387454 0.5720169904313201 0.9176405887438304 0.6684503285497233 0.25839884047707773
0.33581824229076773 0.32240522832646434 0.5646415026159733 0.8732315550325993 0.27582901307881524 0.8153066190001337 0.3149545982255111 0.5692038315927646 0.3888023129201885 0.6002325565140477 0.852442043787573 0.20660812008500906 0.5623821790424051 0.8318602580557641 0.0040135747652212395 0.282885062777366 0.08310790926395661 0.4224979333157597 0.09347724854157546 0.6546453791660403 0.8747667889494797 0.7287962396097079 0.2257362094923988 0.14589935958497635 0.14651121376698817
0.11861286291110862 0.5799058121579456 0.9111740991649399 0.9412051568600399 0.27589077287394437 0.9084232073197069 0.768296919838925 0.40893445783659776 0.6318318411346244 0.3666951232793706 0.5725560043197233 0.43802027794079135 0.6636462693421936 0.4540438963295963 0.525462122928383 0.7339758106904006 0.0857613445030857 0.6179259403199224 0.9639059862612452 0.5434952068108827 0.4939223878885395 0.6923662348315881 0.30479827152693917 0.4879923831240789 0.36327331678688224
0.46267483645213303 0.45333481992287594 0.9771567708599819 0.391966765337295 0.4294871307116237 0.9552092527522447 0.8983213208527725 0.14205360162234915 0.5208815493411182 0.9483107501496756 0.5534096047852357 0.11690123854983359 0.9069531183675135 0.1590431150499214 0.30118563631113515 0.34391397767083653 0.046890743948224345 0.4431038755473705 0.8751890030272665 0.663833989855656 0.7901090415398212 0.5290781063862088 0.4927490880708396 0.06737413566940842 0.018692707579355372
0.39578156000435727 0.9996252931743079 0.8992414317198003 0.3485566295849818 0.7307752215655873 0.27092142627245397 0.13459705603931282 0.08996449903540527 0.27206923402674943 0.7019524698468078 0.593866320223078 0.9596333977621226 0.8782754256392974 0.24888687000748733 0.1793603730686384 0.5966376149332602 0.7977532776226635 0.2120506483761906 0.9650163098309692 0.1140352456205056 0.37873544026759687 0.4193082925732886 0.6806432871638578 0.07941980283221894 0.2041145890922934
0.5152210259293435 0.3594906924704022 0.7106772274482995 0.12974861175519492 0.6703866234093041 0.6437767365455893 0.20490620667848602 0.36110923348217283 0.2497005552146363 0.5318045718066465 0.4433824792207878 0.6812925107118584 0.6362419892355328 0.8463454754770136 0.41793436744797685 0.15340385872403983 0.8011004422607896 0.4688647249481168 0.5275872633254505 0.11903319184965766 0.23493305077035964 0.01995426536973255 0.09360522671711624 0.9720872456399436 0.20092982255186276
0.20901599911689084 0.6964304266542851 0.9613341834950865 0.7507912723532306 0.713448717271032 0.08840237322872102 0.6085677486728213 0.037187932595012185 0.797519659000989 0.30346420059879753 0.3366451132645948 0.4274206123497477 0.05835783654145299 0.1937524777065298 0.8093814470947469 0.10021073215862497 0.6183070459829444 0.9725124210833528 0.6043274978670774 0.09448666572063269 0.6517222778178496 0.4717570820001269 0.051989515510064366 0.330638209237326 0.262927933587322
Radious = 
[2.0663979282337555, 1.856520053717269, 1.7369852624825248, 1.9804990765649053, 1.8657739608162967, 1.7863360886602633, 2.0166769699823255, 2.070449396244232, 1.7006456304269242, 1.8100150502709011, 1.9896238391933527, 1.919326133453964, 2.030762155089096, 2.0294396044267757, 1.8739924943876198, 1.9846870888341597, 2.2799531885378945, 1.9049399779154232, 1.986536619671305, 1.5810046525371002, 1.8141438137533346, 2.007415384077003, 2.2531067559898657, 1.772618300278167, 2.128868879651525] 
Solution = 
[0.5000727478263873, 0.10280643661274746, 0.25432938356860924, 0.21712532768080584, 0.5902616014286796, 0.9282270530201585, 0.20075340185184565, 0.3853847113523824, 0.5843175105134589, 0.1335808822914586, 0.6835986655152796, 0.1623855708758969, 0.23673909248890268, 0.7653544349437243, 0.707532761309238, 0.6215298912579236, 0.49108598911405776, 0.11412659049127394, 0.3814701453561695, 0.39198275246294867, 0.859353854062223, 0.8464289439124894, 0.5122406366598505, 0.6149088891191601, 0.09161786707111341]