Dimension = 
25 
Points = 
0.9298746369313313 0.6951125894413746 0.670129923862626 0.7208718862274651 0.06447021782942164 0.18880478695229508 0.39984337758848276 0.5765703744278482 0.6316297722252433 0.45738025400438476 0.47316925998433856 0.3060882331880578 0.3186254726372727 0.6287216579869593 0.2364240224210099 0.32522302183704266 0.8447536640916996 0.8293382577597674 0.8635681784738705 0.8818732200724606 0.1793836447730831 0.678304431492008 0.03517305555923389 0.3502690890621999 0.6517547485518339
0.11960407757266844 0.47801955102467353 0.3850639694973238 0.8823323361933326 0.3460776482559903 0.49183957284231683 0.6701943381703442 0.0869562872679962 0.88512127524036 0.7581163120793518 0.5871760897019074 0.7833762660646768 0.30338914393037286 0.4902195984286446 0.456472630014676 0.8400785007916732 0.9590560405660614 0.28086280018721854 0.7353583160321803 0.9931210233139756 0.3807784956071668 0.8543508633130343 0.6671721703107288 0.7974647022044616 0.7271721641038017
0.4287804332815106 0.25769639244955755 0.816923725445387 0.7188133869682439 0.9209470038800192 0.5283597614252361 0.7475972945509524 0.8302506143054272 0.9378488287734059 0.7582491325813313 0.5061198510857046 0.5087178837599378 0.8942791653788703 0.7505087144952404 0.46865998235076256 0.9139545145972212 0.044078578258819556 0.43095564594724356 0.48262886994419185 0.3440876764694979 0.7922761486132317 0.4169031072084278 0.3170331074639753 0.7690742044587735 0.06758626594894535
0.9109689725306158 0.3192248679083878 0.6944750105386318 0.41861938044279456 0.19394867589558473 0.10688457362081072 0.33366444244122906 0.1813169171159097 0.7664514153059644 0.32469893660899984 0.7268916162182144 0.27670769520676075 0.9562434462899618 0.4986256370729637 0.5485838469558401 0.6936448906406679 0.5691380660491421 0.6674689042793875 0.5578383714868448 0.5510967832035347 0.012829560613808577 0.23776682442332397 0.13595617356741918 0.602689117910821 0.5058515234663074
0.7620317886702683 0.763090650296784 0.9889353109420056 0.03266811148547477 0.3915193607432256 0.42039671444202187 0.6807903399012594 0.8335076705109947 0.44147441653748565 0.4445515622833386 0.8830895853035912 0.29069352049252284 0.29160662748159527 0.15070567416320768 0.5367832176014576 0.538820882511982 0.14302161083376896 0.9751894335584128 0.01110274879725015 0.7315062940491046 0.3527137014030972 0.4487649692039395 0.6611187466732629 0.34982107207687174 0.848631257397364
0.6866228144307023 0.31891150235744137 0.19046737481643083 0.1710569975445092 0.8887444525213697 0.49264740000519713 0.0549719182209506 0.06465044678524923 0.47291856886574746 0.9189963877259307 0.7652639627518414 0.7779815148339695 0.7024407905280204 0.5361088113930819 0.6356498098392133 0.9433347097998483 0.10140525047232929 0.5552557137234844 0.7891894901361347 0.2688563689444998 0.33437829117841344 0.7151751192845215 0.0865653011284867 0.23930392981202997 0.39931146830915276
0.5008034390635798 0.557211128855247 0.9176168981870702 0.5178211248671566 0.6887272401155583 0.4919652820690382 0.355315722138817 0.028130517858182436 0.1853066780181919 0.5287792199780044 0.499774231133727 0.7505935690512834 0.5964571771707523 0.654014410410377 0.7070606738522928 0.08753938431877395 0.4132536900182724 0.35004247418306367 0.16093483993809699 0.6640797138514227 0.4600959265017489 0.04132444519850731 0.7966142904721295 0.19911563636281193 0.8709387956966173
0.3188535221439406 0.6997400498225961 0.7401754252052006 0.9920758146924888 0.9726412205959444 0.802991787555505 0.21197839967924037 0.4966542837314667 0.39709482572297494 0.5287760013508742 0.09663408152270558 0.014275560306077684 0.7163926216305881 0.21609855292142144 0.615401735490573 0.08190812938213754 0.8596747447584046 0.8856974163847142 0.5415945129232519 0.4646803273650335 0.4556430467665671 0.9657116274993051 0.07176940189540582 0.928457884043081 0.7367068366886024
0.6659396053242027 0.6019208504381975 0.1320111911844729 0.34671520384896604 0.1679765741842153 0.8840535323740817 0.2070945492484788 0.7450446786428261 0.6016319203769491 0.7195829198603418 0.8491619582071182 0.20848869801950176 0.7719792181468703 0.8033981612449386 0.31636309143799934 0.6172809646571815 0.1102878410031316 0.061581051940824194 0.29434554102302357 0.26200157233709187 0.0031695653904533216 0.3054722557784907 0.33933921598457006 0.41533279039560855 0.38327617042416395
0.7032218692237641 0.6281250980798144 0.13135109716877014 0.01169941882363712 0.6376873740015885 0.29000424893170473 0.2145298617770427 0.5795698253107425 0.29060513903482277 0.5044304924490391 0.11990278577865243 0.7781342152012082 0.25190094540962715 0.5786403811333043 0.6125590755374316 0.9403101557965845 0.9224039725326715 0.01898817353725446 0.7357982926560782 0.5549355094100481 0.02674939636089879 0.46624945020734565 0.553466915366086 0.8527506267280162 0.3402783937677095
0.9275857896240931 0.7142248949211483 0.24854688433662753 0.18632295877065952 0.6489480011367885 0.8988637694675675 0.47632632486311266 0.6606929407186618 0.2947432600697638 0.24731126533721848 0.7423258938275373 0.07800250380731688 0.5034342870625443 0.8434332413128489 0.08339711366281266 0.1590321678786104 0.019857901143711554 0.18662680390045594 0.5125032049610414 0.07894691866658077 0.0823379645444734 0.3146143159585979 0.5985008965668293 0.13886842745594408 0.7316504325973312
0.5744376333831762 0.2823297182052754 0.9339144416519846 0.5410794505902494 0.9241385926379726 0.5866563836847921 0.7754914919025682 0.9857623278914182 0.18707698229408543 0.7949305188004271 0.4419320691290709 0.058194724756670535 0.9106751732119006 0.6365450946305758 0.3952257757450939 0.4540739248261262 0.014035591333135367 0.227762774850373 0.40607130838226413 0.5721744512010716 0.21495956833878194 0.8934250188803711 0.26813800733033377 0.29671686677569464 0.8523919931655554
0.574469230514512 0.17566305156460493 0.9638770651064711 3.0406479851086132e-5 0.5870523378084511 0.8593024557152907 0.2199674359226036 0.8332663453194132 0.8567888843064961 0.36687367176531593 0.29440256729568237 0.07366135211221603 0.46034974001149365 0.7874476996622964 0.22321415926487298 0.7649579974096016 0.6929114633245578 0.9139789862373149 0.41086421778117566 0.6815613424954647 0.6162057564050747 0.7148126166470331 0.6507235139660446 0.7225517573847197 0.5760065992505858
0.47560164475228006 0.8691448635399209 0.4578080608302668 0.3082745137591081 0.7988368861568216 0.9163510807058152 0.9394686456891576 0.8003987638663 0.5769096189465517 0.5479778827943089 0.43114340557575104 0.15118897663550168 0.8647194225796808 0.2547491440145999 0.545121995381039 0.0013928137684484643 0.9998286491429159 0.6319183115822803 0.5664099150341846 0.7834017187382841 0.2539415497967741 0.3686238435576896 0.41480613494544716 0.8462106201818147 0.5855699777069936
0.43079897082554475 0.5017588939856382 0.2993274401880216 0.7169328007322755 0.579087697164524 0.5503538088307139 0.19208546112349034 0.2537505993123105 0.8568916580691364 0.4950597736744434 0.11628723801603769 0.5081580323670778 0.7538646734062946 0.021787574013920064 0.722875666065203 0.6999920779717096 0.5601193686597125 0.37137658410615004 0.37879986457007664 0.9514542362674685 0.03975655474174489 0.1829373930135716 0.9285788203220502 0.8653222923111873 0.8306336204464351
0.07381325716562426 0.6265496945084992 0.5821082469811716 0.3826529074143641 0.32249150776778657 0.6540627957916452 0.9217562260995957 0.23494833290016381 0.6558667586943122 0.38730457072788005 0.8927934222572843 0.9377775870851021 0.5617826521945187 0.9964712815922518 0.23661957937060207 0.4629903581085726 0.40459385718497765 0.5897516066610383 0.5805732507706184 0.9313377335829598 0.9776357419971067 0.7109309031248638 0.09558442056982519 0.74914585617459 0.718892589905301
0.514537543928693 0.4754885656208687 0.9907147072628152 0.907987540953636 0.3959546210792252 0.7542223880017691 0.0183053499537712 0.7825459298759353 0.20670015366203964 0.04946992561664165 0.3691730365456406 0.5988876483791563 0.21922009601232695 0.04215883300270051 0.3407894046964578 0.6128671576178416 0.30761346638524323 0.8362622922823669 0.12960594752611831 0.04016051889280903 0.45262808757717654 0.5229586601209782 0.38745687898362824 0.9029490028470482 0.8549187498822846
0.3660038290407416 0.42810636090498533 0.4567720431308664 0.11371745499596464 0.7175010909313377 0.056975741636111854 0.008410007146130827 0.6416678294942426 0.4968613433712973 0.3584632209913995 0.6255585223738049 0.7797670307621148 0.43365510653159756 0.30049557682687467 0.14391884593640025 0.8628489538740559 0.12264495449375534 0.33906919188975515 0.7389703276393876 0.5384279726698425 0.8268190411878589 0.2722671579650845 0.4628144844210701 0.9618971823951338 0.3909697646838246
0.013543433409560435 0.5968256123642228 0.6082958141112418 0.6785729678043405 0.04971054245135886 0.8001537389051419 0.338731658847509 0.20333149216246504 0.461993198197323 0.23202391188528104 0.04983591325075998 0.31316750005294014 0.8853898374962607 0.41058504950776387 0.47492190347997887 0.5256590656455478 0.4487304251062998 0.3792105180107548 0.03268297522316599 0.7980464906414667 0.7409715413424478 0.23794235457170476 0.09801840469356415 0.2934274685265882 0.5445768274469386
0.24295860645972533 0.06467786410032939 0.753091789258078 0.9109576106692834 0.47944883215133216 0.9262131305634089 0.8568365295124675 0.4338155364462527 0.9616158215018645 0.1450945969336963 0.9140339930233915 0.014915888016884038 0.42210135161310147 0.43785831059498936 0.6964239979495037 0.09458058590007656 0.5005995910296539 0.2933573605454681 0.9475880740337838 0.6019449411177406 0.24519195412914307 0.7924302608452621 0.6543891601784114 0.8744112773322285 0.7695750673503384
0.6936796168455441 0.21747766812549163 0.16182613351317154 0.7785653473864821 0.7956506861720714 0.4143520753305149 0.12066422518228859 0.8548011941747504 0.7487993363698284 0.9371682950700726 0.7018411030196444 0.5119095289529821 0.5921572982140941 0.17929140965557278 0.3266212512662354 0.3873944746296959 0.36911909679390187 0.5602779414627058 0.5225385569158428 0.5041099902597321 0.024668054881835433 0.6863158589442515 0.7340482219608312 0.005559044793586265 0.07651586675356514
0.5870982526125073 0.7763687569403717 0.37332281233020614 0.706471387693463 0.46423306251824026 0.42942545715743674 0.22655258677057544 0.3805309786870802 0.018747274920272172 0.22565501487786388 0.2853250048833925 0.3570788921450392 0.6072945097529754 0.8475013887611679 0.8523777860416111 0.6399328186594766 0.678861345591247 0.18748782546477327 0.22737936174562423 0.15544978556135003 0.7457030817293056 0.592209819879108 0.21002436084404752 0.811206113737623 0.9594753847235427
0.7610737548231141 0.17283289169038296 0.7055350176644134 0.303864286697213 0.4384094101942547 0.06367185632385441 0.8727421205343667 0.6539849635790216 0.8669409035203418 0.22881395356591427 0.1372795799770269 0.007711209068434699 0.8148058683904298 0.336097355208017 0.15682713474632426 0.890781547044433 0.20925050453800076 0.9428963480828321 0.7202442224431902 0.1883052704699778 0.9899592954272787 0.8822065084692311 0.004081739126754025 0.46275329523427544 0.47504438617840283
0.2792068340304039 0.4855354176107365 0.948131043802783 0.21063535011670287 0.6665774665042278 0.904379311422292 0.29660063811959536 0.7455543697683956 0.8068085538814896 0.6089829896017267 0.7595564232655764 0.7796666937742777 0.20645535832595308 0.8328559811718873 0.7840674181192985 0.933412288473367 0.37323056013142253 0.467260965266989 0.1545231004122185 0.7221563553545546 0.7292425966673735 0.7039215900284997 0.2565289578348702 0.8090552559492477 0.1656469314025345
0.3117754124481029 0.08746546404046229 0.16580585104147882 0.2803086954958893 0.46115386643419776 0.49125114561812666 0.82477308861399 0.6516475880043127 0.35918625544529825 0.9779390867002971 0.3874897691503123 0.42791333585724045 0.8094541430186319 0.6959027818840997 0.004188152781071208 0.010773467866432407 0.4755051297509362 0.2637399515679685 0.964157525772222 0.6026426463366162 0.27725418680064307 0.5923308464740206 0.5739575485333918 0.9979779312011758 0.7976377332188301
Radious = 
[2.07559834045974, 1.8090575567949625, 1.9118926641102971, 2.0897470471363118, 1.8393917247043703, 2.443191455707062, 1.853495283114961, 2.2465884036400774, 1.8340898974153748, 1.9591148798698386, 1.8164515138873676, 1.9487517076104721, 1.7633156763957427, 1.6792248685901459, 1.981279082975964, 1.7113172954649827, 2.0660069085610058, 1.8733219511902486, 1.7211240070691642, 1.645159760354088, 2.213853736136998, 1.9318368249053959, 2.2726122740056796, 1.794356977289396, 1.8559809467164328] 
Solution = 
[0.0009249135409228337, 0.6711809887802063, 0.6862316312900545, 0.36752493557456567, 0.2961595018880131, 0.8424369948314647, 0.9432090485078104, 0.6913291634479193, 0.29965398492110773, 0.0359994042384425, 0.6800641949492768, 0.1510479026895819, 0.36111490916658373, 0.6215419058214443, 0.2753724470087896, 0.5635372579953872, 0.5442977770717752, 0.08321945671472386, 0.5285456934012428, 0.7347479874064077, 0.5705029059394544, 0.3737823240003897, 0.9686738181945216, 0.6396725446116602, 0.2862075403062424]