Dimension = 
25 
Points = 
0.6791364882095222 0.5797708079267389 0.961018236127485 0.2795207419687157 0.19326023729571828 0.2445308087267698 0.71576951061977 0.907630429139774 0.07564072915802977 0.49655872078675756 0.6967596003683647 0.993817053886284 0.32972064132671175 0.360549321089209 0.9288084882791875 0.31347723037574804 0.2818558649244698 0.1471821990513681 0.9834588436763199 0.5775591723457693 0.4591443775923719 0.752842935089065 0.4707248816211078 0.38704335889300545 0.09002280858626899
0.3460745328348651 0.6679446855408542 0.31773366887986276 0.5749987574055703 0.864691575198151 0.6404032970454963 0.7359566331457349 0.814296123216909 0.20359800908723835 0.268146868129007 0.9381005535824097 0.19727776564716182 0.005217795249306434 0.3071676717952687 0.217979890092731 0.3667124259930059 0.5822975558943848 0.4119667952762792 0.15970423496863473 0.15704585861384246 0.5442471732493626 0.27627575611140676 0.4060307733950147 0.2707872993022509 0.9675534560765272
0.5438087525126352 0.1912366617305854 0.7291833676246148 0.2817985951419347 0.2257671664102019 0.2380478422448512 0.24252598440000828 0.30359708179750367 0.3921869285270506 0.9976785055792337 0.716965319522186 0.11140453360343194 0.3929608463351034 0.32971871953978815 0.4269918238192657 0.12813826826730812 0.13778867314990872 0.7261863953027424 0.9727479838229788 0.6086642809440619 0.32962232472554875 0.7187620951109632 0.3175267161137608 0.25774829229461416 0.4688419076251755
0.28710440020491723 0.16296502071497077 0.32885848406385 0.5575872975049565 2.0339106126643358e-5 0.16855625088794246 0.5579331618827874 0.6115024317991254 0.9621861158993007 0.43042201136131697 0.7415770802454978 0.1674587452098769 0.8349225833884187 0.02970740231764024 0.22102526295118774 0.03864657962378526 0.28506044482296666 0.6383827974970157 0.6085721369560384 0.34097357053711186 0.7723975408511735 0.16909091692230105 0.5802974208963925 0.40843379008258174 0.9038544735135632
0.5773149357817531 0.9841272483321523 0.9414967022615289 0.25772988108268946 0.96921634200249 0.5720599064582352 0.27169925395568806 0.12969323730509152 0.7147522025899845 0.15645482855277693 0.7850703601262427 0.855719770854202 0.9296175170562466 0.31739113080074033 0.9049540283414991 0.8285118228448319 0.7447588148291651 0.8129182544430608 0.3299814844633927 0.8793135077489032 0.9834287938105948 0.7597269884515786 0.14527136304470667 0.4636209631575188 0.18166921820087956
0.9730052095538839 0.8473032993204341 0.23958262790684792 0.9250904247291643 0.30042465761415804 0.050557872049497465 0.4649148457837621 0.029121565989469578 0.22529029205000628 0.19772424993131477 0.07075152548835817 0.6386649594397515 0.422352496010441 0.08702426528473195 0.22525400491987568 0.9099614058953028 0.3140520522389695 0.06591440002335536 0.6132779571740075 0.3835293134919029 0.34131636101575813 0.1797636337838302 0.738431077224713 0.773371930503982 0.6302861534117595
0.3553183067686154 0.2979646892550625 0.3417071730450234 0.25832372196432407 0.14725086312919067 0.6591473402127255 0.6240481031215612 0.08263559632541684 0.7137471265301962 0.8652356683493962 0.14504078336144732 0.8750653314707693 0.866552568794529 0.19197734791971566 0.46413991451166237 0.5026057148897238 0.37975987732300176 0.032051686736816576 0.0446380495398111 0.9442216749820285 0.3785836174965954 0.018613553639453495 0.0494957054853965 0.6287507065102089 0.6396105928421854
0.9850708907010347 0.2491317094699147 0.6658685680381107 0.47014703217614817 0.12200381462547205 0.820660487955987 0.26187348560725676 0.7060661000606829 0.36220405365098174 0.5711591555548725 0.49119794935083194 0.9845623981385632 0.23698271372879642 0.7530421356871667 0.7616344376834603 0.16885035139612425 0.08229673044560237 0.9962879876127811 0.8519651772630946 0.6907814791253443 0.1878252183367266 0.35851193861324626 0.3425513831589183 0.9778352638545338 0.5034580216418434
0.27860424725181054 0.5015407932683629 0.19495796506919116 0.7954640481618785 0.9102112788765663 0.3477705949262446 0.09490791404379484 0.5274388298743384 0.06666619806321783 0.7306233737820598 0.26602802132017567 0.9502725175364439 0.8302106040116162 0.7113381838287676 0.8315312800327228 0.6106993236296164 0.8105529561465479 0.49015328381716194 0.533948120029083 0.6781790717187776 0.6928486872319886 0.9517101274719035 0.5828567366504869 0.7294953474764936 0.7400509107349377
0.0905622550004207 0.8225148010026477 0.30956293345723496 0.666838412260216 0.058469432255635057 0.7382635632550937 0.011595213455057318 0.8472738082388355 0.25005633925148274 0.11845243261528071 0.01733429424392796 0.31326251827766305 0.5226152923417376 0.2687927110324264 0.1982325674106632 0.5411775402100862 0.890864155215528 0.7351567289824552 0.7879398617520476 0.7847495911991954 0.4931009927789395 0.9221163547113563 0.2354349238623611 0.29886081615256377 0.8739202202611506
0.5175059826673474 0.38417821191732826 0.8613772417475469 0.09553071808834634 0.9126613352187959 0.5082052224126772 0.6359226079251702 0.04105602788783047 0.780712144304945 0.24258896967186838 0.04412247665089031 0.7134575736960923 0.029107740609522148 0.05014008853007901 0.06078373381581548 0.13547603019003618 0.11087165999598225 0.2935194378906739 0.6585932283392579 0.130414019457067 0.0839854575441501 0.9710418084578819 0.5619560316352974 0.62366732701704 0.4488802203243458
0.020885190386352726 0.11775013729489847 0.5684279592442316 0.7275403105341582 0.594987543160484 0.45845166532803194 0.44868557606372117 0.5981235895619834 0.5699520759483606 0.6884624024092622 0.5979843675168354 0.8217185679045296 0.14693928659005473 0.24651189803501428 0.1312953380086943 0.9980885417027751 0.4156148589193486 0.44672372783370207 0.8629475957972521 0.3222691773875077 0.6530210343516476 0.6359279041823761 0.2309079776157713 0.3127860213396487 0.04128751618395876
0.8947655912270889 0.9692982756396633 0.7545999829065383 0.10849731000662566 0.67821702855075 0.674976929440422 0.5144604936268806 0.23856922114889256 0.899106688777219 0.8071308443073175 0.13732998114278083 0.023420182725810368 0.5434516807151729 0.7633714772329884 0.06024681728228376 0.6540549969904195 0.44434765104129337 0.8893671707277304 0.5874517672113236 0.7769478139108777 0.9204992060492903 0.17963010890080056 0.5024488254998914 0.42603400970602345 0.23342101446909225
0.9549328124951459 0.014002393337065766 0.9856303148774864 0.7965928518417157 0.7988556842628283 0.4085026194926876 0.3858309809011693 0.7247834597037152 0.5312891896203703 0.12987387024603048 0.46445224382804595 0.762523532048734 0.6582639965076107 0.3630915354252211 0.9052615882398543 0.34523222769009565 0.30691450956508304 0.6684018146763592 0.8564658460012304 0.9910750521490165 0.2563091677790015 0.9129115039717648 0.01039055160216551 0.3540394556506342 0.6276050581252239
0.34784422756119115 0.8614850558502215 0.7209801232585669 0.47521875950714687 0.545658069727425 0.003886584399691473 0.05728548590123783 0.43018575428744055 0.4565502763597099 0.29603610033443595 0.37645351433065144 0.34952672914918426 0.9280520582144075 0.47322528850371504 0.45970667353942474 0.6314390480734979 0.9051893152630094 0.11960462397880989 0.5374840861062726 0.5399610774220271 0.7663272396761159 0.3645061688708169 0.3889790083277995 0.3061953584377436 0.396150231898891
0.1284201554202279 0.7744902320385052 0.6701373133009416 0.6170998172476064 0.2721366393193122 0.5714755879330694 0.37752057588159926 0.2883718167210234 0.3556340395564802 0.8680840100393195 0.1910338153740102 0.8124815611725651 0.8018769345188445 0.15137296891842478 0.49532250969170355 0.5864017180818424 0.13762837587285037 0.2361710016793116 0.540957262187805 0.6133578048507733 0.5830945733510229 0.4436699820888349 0.2666206261102787 0.7776557833338548 0.05011936293789587
0.25581554564549824 0.8394213338245018 0.2786318801726083 0.39239387180676943 0.8806805381902784 0.8272401936796839 0.42780751624069 0.7375655750926398 0.4933342337239984 0.30680100999019466 0.7682920869692783 0.4637659820341865 0.5226902765296866 0.9968776834310665 0.010216519995129958 0.8901885668445044 0.024173798103119815 0.34719713632825433 0.9955129990073336 0.8958369112121305 0.7193001736245364 0.3377889829836729 0.9370320037484107 0.9283075951342479 0.9779281506983354
0.49737411222970096 0.7102657318063619 0.5159166913515705 0.7327902159019046 0.7548995231599851 0.8402109474370555 0.7728302325870807 0.19997059770068493 0.18707514853102736 0.9801222807765909 0.15594079059135157 0.4026526030885389 0.14397177527197746 0.5649547633788716 0.761696771256777 0.10403905816757741 0.8840744319044435 0.6127419363366192 0.31234817768153167 0.7989877720819887 0.6510148782095644 0.48948287367759113 0.16006109001343194 0.9980780890008574 0.17543970753498084
0.5082362405666415 0.6247211137517987 0.7429075157817138 0.8273614919200775 0.18423916540045415 0.4908223554599994 0.425779431560931 0.6344429184436075 0.7039376279972961 0.5245441410732665 0.3329542355123297 0.6846331582806361 0.7903165826168057 0.6658744146049134 0.6498772557182091 0.3742666280846253 0.24882786904860754 0.2722003540039233 0.32180252768368234 0.12108185877632538 0.3181219991053835 0.34156980393318714 0.20362777076048688 0.06173116825350111 0.46247187502716436
0.20840169526193764 0.4400562987412988 0.7715045481417302 0.9433998401769544 0.9806494083683204 0.8738566860060624 0.7397347290831024 0.46513899499544276 0.654008665702369 0.9292646589983519 0.6794559209481668 0.8711868023112949 0.25993820428613457 0.03900794300079391 0.9549631492362793 0.7276082014833221 0.7240230348641504 0.005293087048904965 0.1358598586030143 0.6284399739388055 0.6321413001586215 0.4791976482813093 0.6908326605121102 0.7088138282077301 0.862880310834466
0.7656834443225138 0.9713530833991137 0.13721010400543965 0.910369327792299 0.8551227831816721 0.1484097431382232 0.7046045257702864 0.9616400164617479 0.11706020814649598 0.5586573869296012 0.3630802366794581 0.05320548901540689 0.16500795410725133 0.8993745589773945 0.14348153402366837 0.9582754915397775 0.5662315471279462 0.9814998552174494 0.4542761212605071 0.12650249366832222 0.06401140544792172 0.3705551073021879 0.25085364590469306 0.9727514457330133 0.13634688236968817
0.7937155580598136 0.6320194645343732 0.13707783860166367 0.3159660609552414 0.5887315207583808 0.7320941084573633 0.07692340881786486 0.1567166647248478 0.8493492006098418 0.41603020828297343 0.7060229078385883 0.23102547641021298 0.4587065618149597 0.6726940161746667 0.5042784471806604 0.7445636108690913 0.5881990680006502 0.9475936110855762 0.8666861159757026 0.48250452718703785 0.6879544974529684 0.40234398650953207 0.5641322598674565 0.1399382170339003 0.2310039467197894
0.008801856351447923 0.8541579316739107 0.770843777327036 0.18183804109787038 0.9968308670247849 0.2590905990008666 0.8760797456697591 0.6997898776202405 0.602558746673583 0.7616404207514761 0.1930793364767307 0.6793857455835195 0.6763739649372449 0.45858505853905784 0.8223988691984414 0.8239795901443812 0.5475311708446552 0.5107377276798963 0.9240921048019209 0.04854167747774385 0.7573318800092259 0.9859986767239001 0.20519792869857012 0.16019109304202195 0.9785436165991688
0.5628799801636972 0.2835194896522082 0.6039864610754733 0.21876951702757197 0.105266234885807 0.015929287389400693 0.752053772668684 0.043706884722047534 0.7485257820465931 0.4393092167388556 0.7883207306018413 0.3200986328349169 0.842338992246281 0.2963655079791162 0.35528957765046665 0.5769389993816932 0.20492709896454664 0.42488310592939094 0.6979452099355039 0.46164922905540773 0.3208677746996246 0.23337236397860261 0.10436088416668154 0.009109394363027823 0.17297750720249383
0.6003628934791664 0.42806571969243545 0.7286034174775502 0.9130679125027373 0.5136479256313509 0.3773558881994832 0.9820059926354787 0.5593274027526074 0.8951253280151042 0.43854072563012136 0.9913549083023832 0.8558403238636036 0.5301714653304778 0.6871107201111135 0.5422901642076265 0.6743807485422638 0.7700163051310013 0.44825454023567435 0.861408093084249 0.9117943436580536 0.5400912438471859 0.8410621603255286 0.1930547390349222 0.5348785497684322 0.0657816574480008
Radious = 
[2.3429058004078334, 2.3510928041797308, 2.1305992567248437, 2.1870760208988607, 1.9207378878978152, 1.9478896082121746, 1.959591356652391, 2.127147106437022, 1.7436794112217837, 2.1285594585271963, 2.247940777257376, 1.9773344047120476, 1.9580438996985525, 1.8447829710929806, 1.6692490428227273, 1.798943165167814, 2.4228649639203432, 1.8579974085704258, 2.0371380879393644, 2.0650642693321135, 2.403738594968769, 2.143728903230613, 2.224445275613289, 2.2379207182481937, 2.0181350488570087] 
Solution = 
[0.9378676004965749, 0.22913901283445914, 0.9577763274603082, 0.8273633552347981, 0.8288469213857188, 0.3216172698743264, 0.16511561131392627, 0.26184601849968026, 0.4542732200912609, 0.6716827859360033, 0.01826853640798065, 0.7694371869085579, 0.8562704702618433, 0.18369302201466653, 0.15654182408099648, 0.611009016129702, 0.9649275894383615, 0.5886925488310321, 0.6312292752769261, 0.6236389396254032, 0.9888048096513959, 0.36403566164275913, 0.006323135614289321, 0.9963079206233508, 0.7101348158271736]