Dimension = 
25 
Points = 
0.9453223569297181 0.9041959314542476 0.9228599332078887 0.6754404177943109 0.9498248644962296 0.3581276127297961 0.651630731056858 0.8554248750749728 0.5525168853813124 0.9977216088149339 0.8440619838247222 0.11150965331780394 0.11249006438694109 0.8045647319961293 0.3685363304077164 0.2211866343041461 0.8321542541370831 0.6920927325416589 0.8209035783713553 0.6039623327182847 0.8200468433448781 0.3423581643131701 0.14488044699488023 0.486642477342464 0.3866557512399026
0.06529370167608795 0.4741285565551234 0.22473111086685882 0.6436201722293228 0.8903375487397681 0.9536161923254239 0.3107553902086909 0.8348090721075133 0.7023782780558825 0.20928650632551593 0.3972838960109757 0.9437860991250674 0.9205231555655683 0.3729770034555989 0.005094911576839611 0.32995081757926603 0.008692834678849293 0.4293741918174271 0.9148363528565909 0.13061652567630233 0.46208545451232386 0.7399078417750318 0.4055762842357986 0.2307997712342178 0.690846550874098
0.4296956200795884 0.2766956641292585 0.9237839806687173 0.8028773075873622 0.7159188973323175 0.02551147730932546 0.21111650901316747 0.45301668462307176 0.8429624091070566 0.9225693608367483 0.7079198889832001 0.3922587053495873 0.23787796146911455 0.2747954426260827 0.33870286928914106 0.22725883553625037 0.1586740303370211 0.9600327799711552 0.2108194367934445 0.11052755485758903 0.2540263635622565 0.17543981848354206 0.8846359615295757 0.20627912312541552 0.78646047505067
0.2653747574668993 0.04414117072521573 0.5780268938852222 0.5128052145565015 0.06891864859133623 0.33325239483648317 0.8879507806135936 0.5291023791250586 0.905059650007709 0.5128409973661268 0.8046307688900022 0.6079138543361626 0.44942254707763385 0.9867629800915853 0.4717617981552935 0.39338083711498983 0.0810295900401895 0.13984229936515324 0.991874207091324 0.594342721128953 0.2605384241937414 0.43041566620672334 0.6608930959311409 0.32275699102154476 0.4548255205623998
0.9703994660766068 0.5696256740637012 0.6266140142955116 0.8864699012596791 0.4326156213950503 0.9822184020617724 0.1791399396922726 0.7182074529308544 0.7031723949147232 0.02496787288461999 0.7817655717618195 0.04225872740718606 0.8942398757177025 0.5841259530399627 0.5794184522446717 0.09968090436773369 0.4639733984258143 0.20085781115415524 0.14889541151806207 0.6740348342451531 0.48126920898660763 0.6942172329758571 0.7216447177292756 0.6972435681125851 0.45249460082079684
0.6725682087925711 0.6806462506101174 0.5321484513399574 0.8378039101968782 0.5596080142634305 0.7894955274841082 0.3011812719285929 0.5806840571551506 0.5195666566381977 0.6218710375900206 0.8536905477358188 0.8151229121351599 0.9733454505850753 0.9787408971460295 0.5277708470659817 0.6545054832533613 0.4709867742535242 0.41739151422341814 0.20910847607513394 0.167509570255037 0.8605244041522828 0.7252074282348501 0.9734533040585903 0.8966142859438517 0.5399506977746145
0.719311275463698 0.22422105186950347 0.8933006482381532 0.47925185162001005 0.029815733124567645 0.030801144481253817 0.46002253169480434 0.9953433667438902 0.8881442114965239 0.22855513490832713 0.7984341664552322 0.6662354561796924 0.21386334930497308 0.12176944648392385 0.38511810219471954 0.3657792554826208 0.9297304020942683 0.2805228404800397 0.6375990795695448 0.4037363142185054 0.8997630007693148 0.006613457964261382 0.3855917951751906 0.5666878799691363 0.4202908892687137
0.13247025434315263 0.24346018522209523 0.034339699160065074 0.6548717744572478 0.37444334324780226 0.7556232875692387 0.32256999882998594 0.3642155391738823 0.20398432473828776 0.9609439299212689 0.10284772153109412 0.5003211245220498 0.4296707885698363 0.4808736790468072 0.30084775090154203 0.655619799956397 0.4229311606237377 0.19036089595309713 0.4657585283681198 0.46263371347787974 0.0007882342810023868 0.4248502493154358 0.7953514534021828 0.9955619765037462 0.9331829666181845
0.8116559270316731 0.4430994729240818 0.5246171003860985 0.8458516867162762 0.3058077243623962 0.35998260905895985 0.043170486212302905 0.4406191526253749 0.5155136724265482 0.3149935722460968 0.29647159593928984 0.43513320173233083 0.4761858484588132 0.7314305610125398 0.7784190520079374 0.27150119742372303 0.1292974626796921 0.052936273785893495 0.7949215514591653 0.059092715998502965 0.7643249510445032 0.9842604898844249 0.03224060039926657 0.6355021011801539 0.6053549163932022
0.29104460031705803 0.7701287498080636 0.8717132001084957 0.407482565219873 0.5835943635432099 0.18285572775500913 0.3456339541380423 0.9422349191368706 0.7894390450402455 0.29741049309029477 0.43228792898605195 0.6821688768543831 0.8511699542106268 0.40588376446506647 0.9228424233560041 0.43210631836662394 0.04808115464168217 0.6362435668355969 0.2928541414879525 0.2603467297260742 0.28963990558957486 0.22223013918085932 0.11793826456106327 0.572601632815944 0.225464630421774
0.31036013330485224 0.2619078123650289 0.6889445328833181 0.5412086000153841 0.18501268501769175 0.1557290577241558 0.8208146422295791 0.42952152313292324 0.684948034629683 0.8899873877377745 0.6100710345789196 0.17540486226762897 0.9652695435268003 0.1786770312485907 0.8951761045506643 0.3778291251687117 0.9051891000778512 0.3590096668102548 0.4306487880700579 0.4927845738798553 0.6171988209886916 0.015281558768065806 0.7643099351311591 0.2650378904782035 0.17037602798349982
0.9655741271691147 0.2649684864722669 0.24689465529833687 0.17355297660529534 0.43940101764780015 0.6336623061489282 0.05162013930018827 0.7262390246282375 0.9996790124300549 0.8664175531842166 0.5446761354619728 0.2224975514260209 0.5570143761087429 0.7248378892795859 0.40493265959134583 0.9518107813697911 0.6300454210695394 0.8194998062977025 0.9334448902358784 0.9273202682638909 0.281902339835406 0.9211761288223557 0.44282665082043604 0.08794273874735692 0.40507961720978725
0.48920958301653206 0.26332581568894464 0.9875459516407326 0.4722051101734849 0.4545514092206505 0.6361158174097193 0.06855263015136204 0.9169116049140728 0.2646440102399106 0.6669493814812597 0.6204124186613544 0.30693227395038947 0.5942036718401751 0.008440317479748494 0.2764625194787492 0.7938395463618528 0.11766886026629064 0.7662043899297644 0.4501131619127601 0.09123984683288744 0.20834557344604399 0.9232937745767444 0.21122170907730453 0.798951329433982 0.8205556962520728
0.9908279394083512 0.8253907545221081 0.7644275534512069 0.20610160187205329 0.2827133981141091 0.35594791007181414 0.8387512351956639 0.5446053889971904 0.5375607468756894 0.8905882907670707 0.7815042577753025 0.3464915026609898 0.7214430176691986 0.5551122842028426 0.06486095143724113 0.9867178012864438 0.9706361611618521 0.7886294480688605 0.17741513621883653 0.11918825325421001 0.3766523218991208 0.6575899940221408 0.6516908412475014 0.0014937304947545416 0.29513327439053827
0.21812264137283244 0.9251545471634581 0.49914275021694643 0.04616894909056224 0.16195667621294685 0.08738605998392046 0.8399735115606312 0.4251225912139056 0.08466363733984439 0.37589570398471117 0.6591206261589733 0.408901396214285 0.1268426674241443 0.3134794058288586 0.26975450433830683 0.07122919985502096 0.3697284021537375 0.25965271324082617 0.6569904146117667 0.03762736840964398 0.9489410013292195 0.7027275559486493 0.20721618094427263 0.359543144587798 0.665814093481389
0.9665522018903603 0.1580621136241761 0.5846668270855646 0.2024343922657602 0.1892320182952799 0.14823063069302234 0.5756602544732637 0.4262825803926906 0.6908522518202429 0.9516352904671076 0.07229518305134364 0.20837809537886332 0.5504435759027485 0.5103773795201566 0.9813338957715224 0.8059154004541181 0.6360785169452773 0.06627172276965498 0.8893294871063325 0.8635798631712814 0.19648813790717523 0.8185511403627636 0.616569086917194 0.3890808765587088 0.9681629035444222
0.3477693866718633 0.07796332208745793 0.46055290437146323 0.1923894144073538 0.32628110123459053 0.15902273706149006 0.25739352453336506 0.7069351166567177 0.04486354920285196 0.2817312714840673 0.5999474935287024 0.13255968124828799 0.5517509563565848 0.4312857891798584 0.36127342699940246 0.95102400108333 0.44044772502183427 0.6984146898987066 0.8171283976003431 0.747577074844831 0.44521246006312076 0.6185313493730508 0.963717226795992 0.5117136912484855 0.12541418319179587
0.5384672249792024 0.73024357037916 0.14939972571201643 0.3402635786853774 0.516514739583494 0.3550238723381117 0.9591238799703007 0.2740367285532683 0.9753823893551455 0.3651288044001326 0.5524767653479045 0.473680511551275 0.3892253152156845 0.8024297372918485 0.23894840403219686 0.1961368602126229 0.9015104503052302 0.7810586835116108 0.29202812613851525 0.5978529418680439 0.29865737460187713 0.8100338309105913 0.3437587337510908 0.8436466102161594 0.5573196204128248
0.8178134983058196 0.29021875015512266 0.007030536019173361 0.03649925006041299 0.16780173750935812 0.12660359804087062 0.6615165658610691 0.2173299308725748 0.5858496466752453 0.3327014577617404 0.15980532194561636 0.13019147396389052 0.9220080469575893 0.16193447689927642 0.40891498935451576 0.6508394170836438 0.6524258098271891 0.8435826544515552 0.900517979739547 0.3553725836401844 0.6817056056898009 0.20195932879759215 0.4536502567181415 0.45513535371535263 0.8907054757836893
0.7877001763354959 0.8666718461542354 0.5940365616686607 0.11069915768731098 0.6284653984019293 0.059117118682532 0.9700789491835652 0.7598811059319532 0.4598392608173304 0.8009193208302727 0.01284574189988641 0.9605033596182623 0.14037844120080933 0.2935721809137304 0.9841746054772381 0.2447280338469876 0.7577896525947796 0.9531101735822881 0.1073601541843836 0.06959984897676519 0.6791265436303958 0.17114174852633923 0.9572270915690669 0.0347385548476955 0.8731214974905334
0.7207028540786744 0.25608441798696324 0.2561561404161983 0.44193316802939986 0.15011021846009032 0.17481506343383035 0.003774065188209441 0.14423625072333435 0.797608400085656 0.6060552237847171 0.032727890538312376 0.11298568252891228 0.824232370983073 0.1864570514506484 0.4138696079303188 0.09097243902008123 0.4225599345995814 0.7865718240103428 0.39777456380970166 0.4530708367328966 0.42120298319608596 0.9428757482419775 0.6538721561901829 0.0327842449999175 0.6976846154140984
0.7552202030221864 0.5783132016167641 0.6554652642320313 0.138522987735076 0.6757386722482674 0.4767319200634026 0.34525092841524085 0.9022656956449021 0.07872226045837183 0.7776323695153564 0.3065983610344071 0.5785458226082343 0.5223171859293136 0.6204694320254468 0.12166989878197243 0.7217853415477166 0.5221435917554166 0.04122066581344819 0.7550623395544972 0.980611055925196 0.052504454184517546 0.31317099621371935 0.9008385784213451 0.6326004861814746 0.9499972485209608
0.9300479705859125 0.4435483859933216 0.4470172087932023 0.658195932150719 0.7448825183784114 0.15596575572672022 0.8752157581351135 0.04974091153822935 0.16526364357583623 0.4220802580331833 0.04055443041380713 0.9648667997514911 0.7390678550040961 0.04874701564682982 0.4260175565932105 0.28094261681736965 0.12892936581849457 0.6947285240933707 0.24944319138521676 0.26578776499767975 0.1735158614547352 0.5151773681869014 0.8455321463239811 0.023948965612066053 0.9512368566518185
0.4830810846101413 0.6908664461563427 0.5045496416104291 0.48186458735662785 0.797348723944615 0.7101864224204332 0.6750824499337317 0.1483783299145497 0.5157625067258762 0.8984963715637955 0.5035821621132884 0.05576332650329063 0.9820737515984369 0.3038881561606719 0.22666930035825217 0.6151969999490086 0.14839368778706796 0.5278131555866407 0.24946555518669988 0.22666641405360166 0.8707665211726598 0.19232702748937813 0.9123043512173532 0.7780074475821165 0.4981643173588217
0.690927691718008 0.8638093171901412 0.5660227262881533 0.06308928432730065 0.2952726734127282 0.7029621942406425 0.2156360475471697 0.09498780076818558 0.31443000022942313 0.8779065368188743 0.23226316921159074 0.2966473395769489 0.4345997242910613 0.12675126959018534 0.8552510924798551 0.07335116338331726 0.2505271336537025 0.37688627648208983 0.1369963504614502 0.965309658370471 0.528499248719274 0.792022502238931 0.46573461695477636 0.17412813025125773 0.9721050910753196
Radious = 
[2.6123604013919084, 1.896233508997043, 2.3579795684440517, 2.016235410927667, 2.246639838665688, 1.9449548682527313, 2.27610206535063, 1.8122265006474052, 1.872816382829863, 1.9433962412039083, 2.215514914283971, 2.326617207624687, 2.224860738093274, 2.2468740945145687, 1.9718749000064755, 2.362789427887153, 1.771583725334904, 2.064439423171154, 1.872944890534978, 2.5812157039306247, 2.0451568184715274, 2.0575643190465107, 2.162721478173806, 1.9838517794141055, 2.3672599227939353] 
Solution = 
[0.22012273475167043, 0.9276952236472567, 0.21489212365229682, 0.3868704796852458, 0.13465637602421332, 0.3087643812993285, 0.00029898696354013765, 0.03162188943294808, 0.2877761208239996, 0.03713304709185761, 0.16664667247526743, 0.7288567152166574, 0.7694618604402691, 0.674159632156915, 0.20352239965446117, 0.7332106529405494, 0.404733113515494, 0.33400340431354403, 0.9236168385487449, 0.029447580696797537, 0.2736243155009829, 0.2939545624589641, 0.7378249487707575, 0.6750647002980324, 0.20426841697111753]